row,member_id,split,source,group,taken,capable,condition,dose,logp_o,logp_flip,exact_o,exact_flip
3221,humaneval_HumanEval/141:4:3:1,real,humaneval,dd7ecef4f7b631828454ee243a9b6ad03deeb43fc6eaf048b2fee786433d989d,True,False,baseline,0.0,-2.035719394683838,-0.8773397207260132,False,True
3221,humaneval_HumanEval/141:4:3:1,real,humaneval,dd7ecef4f7b631828454ee243a9b6ad03deeb43fc6eaf048b2fee786433d989d,True,False,semantic,0.02,-2.077671527862549,-0.8443315029144287,False,True
3221,humaneval_HumanEval/141:4:3:1,real,humaneval,dd7ecef4f7b631828454ee243a9b6ad03deeb43fc6eaf048b2fee786433d989d,True,False,semantic,0.05,-2.0737695693969727,-0.8403415083885193,False,True
3221,humaneval_HumanEval/141:4:3:1,real,humaneval,dd7ecef4f7b631828454ee243a9b6ad03deeb43fc6eaf048b2fee786433d989d,True,False,semantic,0.1,-2.076737403869629,-0.8433433175086975,False,True
3221,humaneval_HumanEval/141:4:3:1,real,humaneval,dd7ecef4f7b631828454ee243a9b6ad03deeb43fc6eaf048b2fee786433d989d,True,False,semantic,0.2,-2.0767931938171387,-0.8435040712356567,False,True
3221,humaneval_HumanEval/141:4:3:1,real,humaneval,dd7ecef4f7b631828454ee243a9b6ad03deeb43fc6eaf048b2fee786433d989d,True,False,semantic,0.4,-2.0703301429748535,-0.792435884475708,False,True
3221,humaneval_HumanEval/141:4:3:1,real,humaneval,dd7ecef4f7b631828454ee243a9b6ad03deeb43fc6eaf048b2fee786433d989d,True,False,reverse,0.02,-2.0320868492126465,-0.8606209754943848,False,True
3221,humaneval_HumanEval/141:4:3:1,real,humaneval,dd7ecef4f7b631828454ee243a9b6ad03deeb43fc6eaf048b2fee786433d989d,True,False,reverse,0.05,-2.0348472595214844,-0.8636239767074585,False,True
3221,humaneval_HumanEval/141:4:3:1,real,humaneval,dd7ecef4f7b631828454ee243a9b6ad03deeb43fc6eaf048b2fee786433d989d,True,False,reverse,0.1,-2.080402374267578,-0.8470191955566406,False,True
3221,humaneval_HumanEval/141:4:3:1,real,humaneval,dd7ecef4f7b631828454ee243a9b6ad03deeb43fc6eaf048b2fee786433d989d,True,False,reverse,0.2,-2.020001173019409,-0.8621059060096741,False,True
3221,humaneval_HumanEval/141:4:3:1,real,humaneval,dd7ecef4f7b631828454ee243a9b6ad03deeb43fc6eaf048b2fee786433d989d,True,False,reverse,0.4,-2.0741565227508545,-0.8538504242897034,False,True
3221,humaneval_HumanEval/141:4:3:1,real,humaneval,dd7ecef4f7b631828454ee243a9b6ad03deeb43fc6eaf048b2fee786433d989d,True,False,random,0.02,-2.07532000541687,-0.8420072197914124,False,True
3221,humaneval_HumanEval/141:4:3:1,real,humaneval,dd7ecef4f7b631828454ee243a9b6ad03deeb43fc6eaf048b2fee786433d989d,True,False,random,0.05,-2.0445070266723633,-0.8737374544143677,False,True
3221,humaneval_HumanEval/141:4:3:1,real,humaneval,dd7ecef4f7b631828454ee243a9b6ad03deeb43fc6eaf048b2fee786433d989d,True,False,random,0.1,-2.078519582748413,-0.8450837135314941,False,True
3221,humaneval_HumanEval/141:4:3:1,real,humaneval,dd7ecef4f7b631828454ee243a9b6ad03deeb43fc6eaf048b2fee786433d989d,True,False,random,0.2,-2.027996778488159,-0.8703590035438538,False,True
3221,humaneval_HumanEval/141:4:3:1,real,humaneval,dd7ecef4f7b631828454ee243a9b6ad03deeb43fc6eaf048b2fee786433d989d,True,False,random,0.4,-2.0281264781951904,-0.8575990200042725,False,True
3221,humaneval_HumanEval/141:4:3:1,real,humaneval,dd7ecef4f7b631828454ee243a9b6ad03deeb43fc6eaf048b2fee786433d989d,True,False,shuffled,0.02,-2.0748496055603027,-0.8543275594711304,False,True
3221,humaneval_HumanEval/141:4:3:1,real,humaneval,dd7ecef4f7b631828454ee243a9b6ad03deeb43fc6eaf048b2fee786433d989d,True,False,shuffled,0.05,-2.0338516235351562,-0.8629770278930664,False,True
3221,humaneval_HumanEval/141:4:3:1,real,humaneval,dd7ecef4f7b631828454ee243a9b6ad03deeb43fc6eaf048b2fee786433d989d,True,False,shuffled,0.1,-2.074678897857666,-0.8413558006286621,False,True
3221,humaneval_HumanEval/141:4:3:1,real,humaneval,dd7ecef4f7b631828454ee243a9b6ad03deeb43fc6eaf048b2fee786433d989d,True,False,shuffled,0.2,-2.053135633468628,-0.83414626121521,False,True
3221,humaneval_HumanEval/141:4:3:1,real,humaneval,dd7ecef4f7b631828454ee243a9b6ad03deeb43fc6eaf048b2fee786433d989d,True,False,shuffled,0.4,-2.0329928398132324,-0.8622825145721436,False,True
3221,humaneval_HumanEval/141:4:3:1,real,humaneval,dd7ecef4f7b631828454ee243a9b6ad03deeb43fc6eaf048b2fee786433d989d,True,False,wrong_site,0.02,-2.033963918685913,-0.8627797365188599,False,True
3221,humaneval_HumanEval/141:4:3:1,real,humaneval,dd7ecef4f7b631828454ee243a9b6ad03deeb43fc6eaf048b2fee786433d989d,True,False,wrong_site,0.05,-2.0306804180145264,-0.8729302883148193,False,True
3221,humaneval_HumanEval/141:4:3:1,real,humaneval,dd7ecef4f7b631828454ee243a9b6ad03deeb43fc6eaf048b2fee786433d989d,True,False,wrong_site,0.1,-2.004627227783203,-0.8609771132469177,False,True
3221,humaneval_HumanEval/141:4:3:1,real,humaneval,dd7ecef4f7b631828454ee243a9b6ad03deeb43fc6eaf048b2fee786433d989d,True,False,wrong_site,0.2,-2.0183706283569336,-0.8474542498588562,False,True
3221,humaneval_HumanEval/141:4:3:1,real,humaneval,dd7ecef4f7b631828454ee243a9b6ad03deeb43fc6eaf048b2fee786433d989d,True,False,wrong_site,0.4,-2.0647711753845215,-0.8459256887435913,False,True
3221,humaneval_HumanEval/141:4:3:1,real,humaneval,dd7ecef4f7b631828454ee243a9b6ad03deeb43fc6eaf048b2fee786433d989d,True,False,answer_site,0.02,-2.0661096572875977,-0.8345093727111816,False,True
3221,humaneval_HumanEval/141:4:3:1,real,humaneval,dd7ecef4f7b631828454ee243a9b6ad03deeb43fc6eaf048b2fee786433d989d,True,False,answer_site,0.05,-2.019063949584961,-0.8515846729278564,False,True
3221,humaneval_HumanEval/141:4:3:1,real,humaneval,dd7ecef4f7b631828454ee243a9b6ad03deeb43fc6eaf048b2fee786433d989d,True,False,answer_site,0.1,-1.9809935092926025,-0.9021285772323608,False,True
3221,humaneval_HumanEval/141:4:3:1,real,humaneval,dd7ecef4f7b631828454ee243a9b6ad03deeb43fc6eaf048b2fee786433d989d,True,False,answer_site,0.2,-2.1072258949279785,-1.0463695526123047,False,True
3221,humaneval_HumanEval/141:4:3:1,real,humaneval,dd7ecef4f7b631828454ee243a9b6ad03deeb43fc6eaf048b2fee786433d989d,True,False,answer_site,0.4,-2.6179580688476562,-1.6593658924102783,False,True
3221,humaneval_HumanEval/141:4:3:1,real,humaneval,dd7ecef4f7b631828454ee243a9b6ad03deeb43fc6eaf048b2fee786433d989d,True,False,actuator_cond,0.02,-2.0316591262817383,-0.8605967164039612,False,True
3221,humaneval_HumanEval/141:4:3:1,real,humaneval,dd7ecef4f7b631828454ee243a9b6ad03deeb43fc6eaf048b2fee786433d989d,True,False,actuator_cond,0.05,-2.0755181312561035,-0.8417878150939941,False,True
3221,humaneval_HumanEval/141:4:3:1,real,humaneval,dd7ecef4f7b631828454ee243a9b6ad03deeb43fc6eaf048b2fee786433d989d,True,False,actuator_cond,0.1,-2.0279078483581543,-0.8570062518119812,False,True
3221,humaneval_HumanEval/141:4:3:1,real,humaneval,dd7ecef4f7b631828454ee243a9b6ad03deeb43fc6eaf048b2fee786433d989d,True,False,actuator_cond,0.2,-2.0753941535949707,-0.8416829109191895,False,True
3221,humaneval_HumanEval/141:4:3:1,real,humaneval,dd7ecef4f7b631828454ee243a9b6ad03deeb43fc6eaf048b2fee786433d989d,True,False,actuator_cond,0.4,-1.9301941394805908,-0.899088978767395,False,True
3221,humaneval_HumanEval/141:4:3:1,real,humaneval,dd7ecef4f7b631828454ee243a9b6ad03deeb43fc6eaf048b2fee786433d989d,True,False,actuator_answer,0.02,-2.035329818725586,-0.8036258816719055,False,True
3221,humaneval_HumanEval/141:4:3:1,real,humaneval,dd7ecef4f7b631828454ee243a9b6ad03deeb43fc6eaf048b2fee786433d989d,True,False,actuator_answer,0.05,-2.044717788696289,-0.7537387013435364,False,True
3221,humaneval_HumanEval/141:4:3:1,real,humaneval,dd7ecef4f7b631828454ee243a9b6ad03deeb43fc6eaf048b2fee786433d989d,True,False,actuator_answer,0.1,-2.080498218536377,-0.7004954814910889,False,True
3221,humaneval_HumanEval/141:4:3:1,real,humaneval,dd7ecef4f7b631828454ee243a9b6ad03deeb43fc6eaf048b2fee786433d989d,True,False,actuator_answer,0.2,-4.162083625793457,-2.7558162212371826,False,False
3221,humaneval_HumanEval/141:4:3:1,real,humaneval,dd7ecef4f7b631828454ee243a9b6ad03deeb43fc6eaf048b2fee786433d989d,True,False,actuator_answer,0.4,-39.861942291259766,-38.791664123535156,False,False
3222,humaneval_HumanEval/144:0:0:0,real,humaneval,84e4011abca02fab7306fed8d9af5853a4d18ce753f4d048672e686721bb8235,True,False,baseline,0.0,-0.6622746586799622,-1.5372745990753174,True,False
3222,humaneval_HumanEval/144:0:0:0,real,humaneval,84e4011abca02fab7306fed8d9af5853a4d18ce753f4d048672e686721bb8235,True,False,semantic,0.02,-0.6623174548149109,-1.5373175144195557,True,False
3222,humaneval_HumanEval/144:0:0:0,real,humaneval,84e4011abca02fab7306fed8d9af5853a4d18ce753f4d048672e686721bb8235,True,False,semantic,0.05,-0.6648921966552734,-1.5398921966552734,True,False
3222,humaneval_HumanEval/144:0:0:0,real,humaneval,84e4011abca02fab7306fed8d9af5853a4d18ce753f4d048672e686721bb8235,True,False,semantic,0.1,-0.6589260697364807,-1.533926010131836,True,False
3222,humaneval_HumanEval/144:0:0:0,real,humaneval,84e4011abca02fab7306fed8d9af5853a4d18ce753f4d048672e686721bb8235,True,False,semantic,0.2,-0.6417949199676514,-1.5792949199676514,True,False
3222,humaneval_HumanEval/144:0:0:0,real,humaneval,84e4011abca02fab7306fed8d9af5853a4d18ce753f4d048672e686721bb8235,True,False,semantic,0.4,-0.5998026132583618,-1.6623026132583618,True,False
3222,humaneval_HumanEval/144:0:0:0,real,humaneval,84e4011abca02fab7306fed8d9af5853a4d18ce753f4d048672e686721bb8235,True,False,reverse,0.02,-0.6328451633453369,-1.570345163345337,True,False
3222,humaneval_HumanEval/144:0:0:0,real,humaneval,84e4011abca02fab7306fed8d9af5853a4d18ce753f4d048672e686721bb8235,True,False,reverse,0.05,-0.649296224117279,-1.5242962837219238,True,False
3222,humaneval_HumanEval/144:0:0:0,real,humaneval,84e4011abca02fab7306fed8d9af5853a4d18ce753f4d048672e686721bb8235,True,False,reverse,0.1,-0.6502336859703064,-1.5252337455749512,True,False
3222,humaneval_HumanEval/144:0:0:0,real,humaneval,84e4011abca02fab7306fed8d9af5853a4d18ce753f4d048672e686721bb8235,True,False,reverse,0.2,-0.6312203407287598,-1.5687203407287598,True,False
3222,humaneval_HumanEval/144:0:0:0,real,humaneval,84e4011abca02fab7306fed8d9af5853a4d18ce753f4d048672e686721bb8235,True,False,reverse,0.4,-0.6412609815597534,-1.5162609815597534,True,False
3222,humaneval_HumanEval/144:0:0:0,real,humaneval,84e4011abca02fab7306fed8d9af5853a4d18ce753f4d048672e686721bb8235,True,False,random,0.02,-0.6548040509223938,-1.529803991317749,True,False
3222,humaneval_HumanEval/144:0:0:0,real,humaneval,84e4011abca02fab7306fed8d9af5853a4d18ce753f4d048672e686721bb8235,True,False,random,0.05,-0.6395702958106995,-1.5770702362060547,True,False
3222,humaneval_HumanEval/144:0:0:0,real,humaneval,84e4011abca02fab7306fed8d9af5853a4d18ce753f4d048672e686721bb8235,True,False,random,0.1,-0.6267760992050171,-1.564276099205017,True,False
3222,humaneval_HumanEval/144:0:0:0,real,humaneval,84e4011abca02fab7306fed8d9af5853a4d18ce753f4d048672e686721bb8235,True,False,random,0.2,-0.6500369310379028,-1.5250369310379028,True,False
3222,humaneval_HumanEval/144:0:0:0,real,humaneval,84e4011abca02fab7306fed8d9af5853a4d18ce753f4d048672e686721bb8235,True,False,random,0.4,-0.6299213767051697,-1.5674214363098145,True,False
3222,humaneval_HumanEval/144:0:0:0,real,humaneval,84e4011abca02fab7306fed8d9af5853a4d18ce753f4d048672e686721bb8235,True,False,shuffled,0.02,-0.6452428698539734,-1.5202429294586182,True,False
3222,humaneval_HumanEval/144:0:0:0,real,humaneval,84e4011abca02fab7306fed8d9af5853a4d18ce753f4d048672e686721bb8235,True,False,shuffled,0.05,-0.6324508190155029,-1.569950819015503,True,False
3222,humaneval_HumanEval/144:0:0:0,real,humaneval,84e4011abca02fab7306fed8d9af5853a4d18ce753f4d048672e686721bb8235,True,False,shuffled,0.1,-0.6499390602111816,-1.5249390602111816,True,False
3222,humaneval_HumanEval/144:0:0:0,real,humaneval,84e4011abca02fab7306fed8d9af5853a4d18ce753f4d048672e686721bb8235,True,False,shuffled,0.2,-0.6421381235122681,-1.579638123512268,True,False
3222,humaneval_HumanEval/144:0:0:0,real,humaneval,84e4011abca02fab7306fed8d9af5853a4d18ce753f4d048672e686721bb8235,True,False,shuffled,0.4,-0.6437366604804993,-1.5812366008758545,True,False
3222,humaneval_HumanEval/144:0:0:0,real,humaneval,84e4011abca02fab7306fed8d9af5853a4d18ce753f4d048672e686721bb8235,True,False,wrong_site,0.02,-0.6285368204116821,-1.5660368204116821,True,False
3222,humaneval_HumanEval/144:0:0:0,real,humaneval,84e4011abca02fab7306fed8d9af5853a4d18ce753f4d048672e686721bb8235,True,False,wrong_site,0.05,-0.6584511399269104,-1.5334510803222656,True,False
3222,humaneval_HumanEval/144:0:0:0,real,humaneval,84e4011abca02fab7306fed8d9af5853a4d18ce753f4d048672e686721bb8235,True,False,wrong_site,0.1,-0.6333048343658447,-1.5708048343658447,True,False
3222,humaneval_HumanEval/144:0:0:0,real,humaneval,84e4011abca02fab7306fed8d9af5853a4d18ce753f4d048672e686721bb8235,True,False,wrong_site,0.2,-0.6330788731575012,-1.5705788135528564,True,False
3222,humaneval_HumanEval/144:0:0:0,real,humaneval,84e4011abca02fab7306fed8d9af5853a4d18ce753f4d048672e686721bb8235,True,False,wrong_site,0.4,-0.6282052993774414,-1.5657052993774414,True,False
3222,humaneval_HumanEval/144:0:0:0,real,humaneval,84e4011abca02fab7306fed8d9af5853a4d18ce753f4d048672e686721bb8235,True,False,answer_site,0.02,-0.6612034440040588,-1.536203384399414,True,False
3222,humaneval_HumanEval/144:0:0:0,real,humaneval,84e4011abca02fab7306fed8d9af5853a4d18ce753f4d048672e686721bb8235,True,False,answer_site,0.05,-0.6907860636711121,-1.5032861232757568,True,False
3222,humaneval_HumanEval/144:0:0:0,real,humaneval,84e4011abca02fab7306fed8d9af5853a4d18ce753f4d048672e686721bb8235,True,False,answer_site,0.1,-0.7358983755111694,-1.5483983755111694,True,False
3222,humaneval_HumanEval/144:0:0:0,real,humaneval,84e4011abca02fab7306fed8d9af5853a4d18ce753f4d048672e686721bb8235,True,False,answer_site,0.2,-0.8124778866767883,-1.7499778270721436,True,False
3222,humaneval_HumanEval/144:0:0:0,real,humaneval,84e4011abca02fab7306fed8d9af5853a4d18ce753f4d048672e686721bb8235,True,False,answer_site,0.4,-1.3600941896438599,-2.7975940704345703,False,False
3222,humaneval_HumanEval/144:0:0:0,real,humaneval,84e4011abca02fab7306fed8d9af5853a4d18ce753f4d048672e686721bb8235,True,False,actuator_cond,0.02,-0.6364626884460449,-1.573962688446045,True,False
3222,humaneval_HumanEval/144:0:0:0,real,humaneval,84e4011abca02fab7306fed8d9af5853a4d18ce753f4d048672e686721bb8235,True,False,actuator_cond,0.05,-0.6362038254737854,-1.5737037658691406,True,False
3222,humaneval_HumanEval/144:0:0:0,real,humaneval,84e4011abca02fab7306fed8d9af5853a4d18ce753f4d048672e686721bb8235,True,False,actuator_cond,0.1,-0.6326450109481812,-1.5701450109481812,True,False
3222,humaneval_HumanEval/144:0:0:0,real,humaneval,84e4011abca02fab7306fed8d9af5853a4d18ce753f4d048672e686721bb8235,True,False,actuator_cond,0.2,-0.5645283460617065,-1.7520283460617065,True,False
3222,humaneval_HumanEval/144:0:0:0,real,humaneval,84e4011abca02fab7306fed8d9af5853a4d18ce753f4d048672e686721bb8235,True,False,actuator_cond,0.4,-0.40078210830688477,-2.1507821083068848,True,False
3222,humaneval_HumanEval/144:0:0:0,real,humaneval,84e4011abca02fab7306fed8d9af5853a4d18ce753f4d048672e686721bb8235,True,False,actuator_answer,0.02,-1.6044764518737793,-0.6044765114784241,False,True
3222,humaneval_HumanEval/144:0:0:0,real,humaneval,84e4011abca02fab7306fed8d9af5853a4d18ce753f4d048672e686721bb8235,True,False,actuator_answer,0.05,-4.477783203125,-0.16528302431106567,False,True
3222,humaneval_HumanEval/144:0:0:0,real,humaneval,84e4011abca02fab7306fed8d9af5853a4d18ce753f4d048672e686721bb8235,True,False,actuator_answer,0.1,-9.606342315673828,-0.04384274780750275,False,True
3222,humaneval_HumanEval/144:0:0:0,real,humaneval,84e4011abca02fab7306fed8d9af5853a4d18ce753f4d048672e686721bb8235,True,False,actuator_answer,0.2,-22.110708236694336,-0.0013333010720089078,False,True
3222,humaneval_HumanEval/144:0:0:0,real,humaneval,84e4011abca02fab7306fed8d9af5853a4d18ce753f4d048672e686721bb8235,True,False,actuator_answer,0.4,-61.63149642944336,-0.0064975665882229805,False,True
3223,humaneval_HumanEval/144:0:0:1,real,humaneval,84e4011abca02fab7306fed8d9af5853a4d18ce753f4d048672e686721bb8235,False,False,baseline,0.0,-1.5217634439468384,-0.6467634439468384,False,True
3223,humaneval_HumanEval/144:0:0:1,real,humaneval,84e4011abca02fab7306fed8d9af5853a4d18ce753f4d048672e686721bb8235,False,False,semantic,0.02,-1.5187311172485352,-0.6437311768531799,False,True
3223,humaneval_HumanEval/144:0:0:1,real,humaneval,84e4011abca02fab7306fed8d9af5853a4d18ce753f4d048672e686721bb8235,False,False,semantic,0.05,-1.5322062969207764,-0.6572063565254211,False,True
3223,humaneval_HumanEval/144:0:0:1,real,humaneval,84e4011abca02fab7306fed8d9af5853a4d18ce753f4d048672e686721bb8235,False,False,semantic,0.1,-1.5214133262634277,-0.646413266658783,False,True
3223,humaneval_HumanEval/144:0:0:1,real,humaneval,84e4011abca02fab7306fed8d9af5853a4d18ce753f4d048672e686721bb8235,False,False,semantic,0.2,-1.5189759731292725,-0.6439759731292725,False,True
3223,humaneval_HumanEval/144:0:0:1,real,humaneval,84e4011abca02fab7306fed8d9af5853a4d18ce753f4d048672e686721bb8235,False,False,semantic,0.4,-1.4729597568511963,-0.6604598164558411,False,True
3223,humaneval_HumanEval/144:0:0:1,real,humaneval,84e4011abca02fab7306fed8d9af5853a4d18ce753f4d048672e686721bb8235,False,False,reverse,0.02,-1.516179084777832,-0.6411790251731873,False,True
3223,humaneval_HumanEval/144:0:0:1,real,humaneval,84e4011abca02fab7306fed8d9af5853a4d18ce753f4d048672e686721bb8235,False,False,reverse,0.05,-1.5257282257080078,-0.6507282257080078,False,True
3223,humaneval_HumanEval/144:0:0:1,real,humaneval,84e4011abca02fab7306fed8d9af5853a4d18ce753f4d048672e686721bb8235,False,False,reverse,0.1,-1.521996259689331,-0.6469962000846863,False,True
3223,humaneval_HumanEval/144:0:0:1,real,humaneval,84e4011abca02fab7306fed8d9af5853a4d18ce753f4d048672e686721bb8235,False,False,reverse,0.2,-1.5765023231506348,-0.6390023231506348,False,True
3223,humaneval_HumanEval/144:0:0:1,real,humaneval,84e4011abca02fab7306fed8d9af5853a4d18ce753f4d048672e686721bb8235,False,False,reverse,0.4,-1.612686276435852,-0.612686276435852,False,True
3223,humaneval_HumanEval/144:0:0:1,real,humaneval,84e4011abca02fab7306fed8d9af5853a4d18ce753f4d048672e686721bb8235,False,False,random,0.02,-1.525397777557373,-0.650397777557373,False,True
3223,humaneval_HumanEval/144:0:0:1,real,humaneval,84e4011abca02fab7306fed8d9af5853a4d18ce753f4d048672e686721bb8235,False,False,random,0.05,-1.5254476070404053,-0.6504475474357605,False,True
3223,humaneval_HumanEval/144:0:0:1,real,humaneval,84e4011abca02fab7306fed8d9af5853a4d18ce753f4d048672e686721bb8235,False,False,random,0.1,-1.5188982486724854,-0.6438981890678406,False,True
3223,humaneval_HumanEval/144:0:0:1,real,humaneval,84e4011abca02fab7306fed8d9af5853a4d18ce753f4d048672e686721bb8235,False,False,random,0.2,-1.5190224647521973,-0.6440224051475525,False,True
3223,humaneval_HumanEval/144:0:0:1,real,humaneval,84e4011abca02fab7306fed8d9af5853a4d18ce753f4d048672e686721bb8235,False,False,random,0.4,-1.4904872179031372,-0.6779872179031372,False,True
3223,humaneval_HumanEval/144:0:0:1,real,humaneval,84e4011abca02fab7306fed8d9af5853a4d18ce753f4d048672e686721bb8235,False,False,shuffled,0.02,-1.5171668529510498,-0.6421669125556946,False,True
3223,humaneval_HumanEval/144:0:0:1,real,humaneval,84e4011abca02fab7306fed8d9af5853a4d18ce753f4d048672e686721bb8235,False,False,shuffled,0.05,-1.5200433731079102,-0.6450433731079102,False,True
3223,humaneval_HumanEval/144:0:0:1,real,humaneval,84e4011abca02fab7306fed8d9af5853a4d18ce753f4d048672e686721bb8235,False,False,shuffled,0.1,-1.5171641111373901,-0.6421641111373901,False,True
3223,humaneval_HumanEval/144:0:0:1,real,humaneval,84e4011abca02fab7306fed8d9af5853a4d18ce753f4d048672e686721bb8235,False,False,shuffled,0.2,-1.5187019109725952,-0.6437019109725952,False,True
3223,humaneval_HumanEval/144:0:0:1,real,humaneval,84e4011abca02fab7306fed8d9af5853a4d18ce753f4d048672e686721bb8235,False,False,shuffled,0.4,-1.56103515625,-0.6235352158546448,False,True
3223,humaneval_HumanEval/144:0:0:1,real,humaneval,84e4011abca02fab7306fed8d9af5853a4d18ce753f4d048672e686721bb8235,False,False,wrong_site,0.02,-1.5135869979858398,-0.6385870575904846,False,True
3223,humaneval_HumanEval/144:0:0:1,real,humaneval,84e4011abca02fab7306fed8d9af5853a4d18ce753f4d048672e686721bb8235,False,False,wrong_site,0.05,-1.5224649906158447,-0.6474650502204895,False,True
3223,humaneval_HumanEval/144:0:0:1,real,humaneval,84e4011abca02fab7306fed8d9af5853a4d18ce753f4d048672e686721bb8235,False,False,wrong_site,0.1,-1.5319832563400269,-0.6569832563400269,False,True
3223,humaneval_HumanEval/144:0:0:1,real,humaneval,84e4011abca02fab7306fed8d9af5853a4d18ce753f4d048672e686721bb8235,False,False,wrong_site,0.2,-1.5151615142822266,-0.6401615738868713,False,True
3223,humaneval_HumanEval/144:0:0:1,real,humaneval,84e4011abca02fab7306fed8d9af5853a4d18ce753f4d048672e686721bb8235,False,False,wrong_site,0.4,-1.5231561660766602,-0.6481562256813049,False,True
3223,humaneval_HumanEval/144:0:0:1,real,humaneval,84e4011abca02fab7306fed8d9af5853a4d18ce753f4d048672e686721bb8235,False,False,answer_site,0.02,-1.514734148979187,-0.639734148979187,False,True
3223,humaneval_HumanEval/144:0:0:1,real,humaneval,84e4011abca02fab7306fed8d9af5853a4d18ce753f4d048672e686721bb8235,False,False,answer_site,0.05,-1.5630619525909424,-0.6255618929862976,False,True
3223,humaneval_HumanEval/144:0:0:1,real,humaneval,84e4011abca02fab7306fed8d9af5853a4d18ce753f4d048672e686721bb8235,False,False,answer_site,0.1,-1.6109910011291504,-0.6734910011291504,False,True
3223,humaneval_HumanEval/144:0:0:1,real,humaneval,84e4011abca02fab7306fed8d9af5853a4d18ce753f4d048672e686721bb8235,False,False,answer_site,0.2,-1.7525594234466553,-0.9400594830513,False,True
3223,humaneval_HumanEval/144:0:0:1,real,humaneval,84e4011abca02fab7306fed8d9af5853a4d18ce753f4d048672e686721bb8235,False,False,answer_site,0.4,-5.973808288574219,-5.817558288574219,False,False
3223,humaneval_HumanEval/144:0:0:1,real,humaneval,84e4011abca02fab7306fed8d9af5853a4d18ce753f4d048672e686721bb8235,False,False,actuator_cond,0.02,-1.5159826278686523,-0.6409825682640076,False,True
3223,humaneval_HumanEval/144:0:0:1,real,humaneval,84e4011abca02fab7306fed8d9af5853a4d18ce753f4d048672e686721bb8235,False,False,actuator_cond,0.05,-1.4807316064834595,-0.6682316064834595,False,True
3223,humaneval_HumanEval/144:0:0:1,real,humaneval,84e4011abca02fab7306fed8d9af5853a4d18ce753f4d048672e686721bb8235,False,False,actuator_cond,0.1,-1.485891342163086,-0.6733914017677307,False,True
3223,humaneval_HumanEval/144:0:0:1,real,humaneval,84e4011abca02fab7306fed8d9af5853a4d18ce753f4d048672e686721bb8235,False,False,actuator_cond,0.2,-1.398766040802002,-0.7112659811973572,False,True
3223,humaneval_HumanEval/144:0:0:1,real,humaneval,84e4011abca02fab7306fed8d9af5853a4d18ce753f4d048672e686721bb8235,False,False,actuator_cond,0.4,-1.1885018348693848,-0.8760018348693848,False,True
3223,humaneval_HumanEval/144:0:0:1,real,humaneval,84e4011abca02fab7306fed8d9af5853a4d18ce753f4d048672e686721bb8235,False,False,actuator_answer,0.02,-2.9889326095581055,-0.3014325201511383,False,True
3223,humaneval_HumanEval/144:0:0:1,real,humaneval,84e4011abca02fab7306fed8d9af5853a4d18ce753f4d048672e686721bb8235,False,False,actuator_answer,0.05,-5.749654769897461,-0.12465454638004303,False,True
3223,humaneval_HumanEval/144:0:0:1,real,humaneval,84e4011abca02fab7306fed8d9af5853a4d18ce753f4d048672e686721bb8235,False,False,actuator_answer,0.1,-11.070743560791016,-0.039493903517723083,False,True
3223,humaneval_HumanEval/144:0:0:1,real,humaneval,84e4011abca02fab7306fed8d9af5853a4d18ce753f4d048672e686721bb8235,False,False,actuator_answer,0.2,-23.94026756286621,-0.002768138889223337,False,True
3223,humaneval_HumanEval/144:0:0:1,real,humaneval,84e4011abca02fab7306fed8d9af5853a4d18ce753f4d048672e686721bb8235,False,False,actuator_answer,0.4,-62.88436508178711,-0.009366143494844437,False,True
3224,humaneval_HumanEval/144:1:0:0,real,humaneval,84e4011abca02fab7306fed8d9af5853a4d18ce753f4d048672e686721bb8235,False,False,baseline,0.0,-1.6104304790496826,-0.6104304194450378,False,True
3224,humaneval_HumanEval/144:1:0:0,real,humaneval,84e4011abca02fab7306fed8d9af5853a4d18ce753f4d048672e686721bb8235,False,False,semantic,0.02,-1.6135516166687012,-0.613551676273346,False,True
3224,humaneval_HumanEval/144:1:0:0,real,humaneval,84e4011abca02fab7306fed8d9af5853a4d18ce753f4d048672e686721bb8235,False,False,semantic,0.05,-1.610386848449707,-0.6103867888450623,False,True
3224,humaneval_HumanEval/144:1:0:0,real,humaneval,84e4011abca02fab7306fed8d9af5853a4d18ce753f4d048672e686721bb8235,False,False,semantic,0.1,-1.640832543373108,-0.5783325433731079,False,True
3224,humaneval_HumanEval/144:1:0:0,real,humaneval,84e4011abca02fab7306fed8d9af5853a4d18ce753f4d048672e686721bb8235,False,False,semantic,0.2,-1.6041371822357178,-0.6041371822357178,False,True
3224,humaneval_HumanEval/144:1:0:0,real,humaneval,84e4011abca02fab7306fed8d9af5853a4d18ce753f4d048672e686721bb8235,False,False,semantic,0.4,-1.555755376815796,-0.6182553172111511,False,True
3224,humaneval_HumanEval/144:1:0:0,real,humaneval,84e4011abca02fab7306fed8d9af5853a4d18ce753f4d048672e686721bb8235,False,False,reverse,0.02,-1.612145185470581,-0.612145185470581,False,True
3224,humaneval_HumanEval/144:1:0:0,real,humaneval,84e4011abca02fab7306fed8d9af5853a4d18ce753f4d048672e686721bb8235,False,False,reverse,0.05,-1.6481674909591675,-0.5856674909591675,False,True
3224,humaneval_HumanEval/144:1:0:0,real,humaneval,84e4011abca02fab7306fed8d9af5853a4d18ce753f4d048672e686721bb8235,False,False,reverse,0.1,-1.6088981628417969,-0.6088981628417969,False,True
3224,humaneval_HumanEval/144:1:0:0,real,humaneval,84e4011abca02fab7306fed8d9af5853a4d18ce753f4d048672e686721bb8235,False,False,reverse,0.2,-1.6218656301498413,-0.6218656301498413,False,True
3224,humaneval_HumanEval/144:1:0:0,real,humaneval,84e4011abca02fab7306fed8d9af5853a4d18ce753f4d048672e686721bb8235,False,False,reverse,0.4,-1.7008916139602661,-0.5758916139602661,False,True
3224,humaneval_HumanEval/144:1:0:0,real,humaneval,84e4011abca02fab7306fed8d9af5853a4d18ce753f4d048672e686721bb8235,False,False,random,0.02,-1.611167073249817,-0.6111670732498169,False,True
3224,humaneval_HumanEval/144:1:0:0,real,humaneval,84e4011abca02fab7306fed8d9af5853a4d18ce753f4d048672e686721bb8235,False,False,random,0.05,-1.6487600803375244,-0.5862600207328796,False,True
3224,humaneval_HumanEval/144:1:0:0,real,humaneval,84e4011abca02fab7306fed8d9af5853a4d18ce753f4d048672e686721bb8235,False,False,random,0.1,-1.6064815521240234,-0.6064816117286682,False,True
3224,humaneval_HumanEval/144:1:0:0,real,humaneval,84e4011abca02fab7306fed8d9af5853a4d18ce753f4d048672e686721bb8235,False,False,random,0.2,-1.6042488813400269,-0.6042488813400269,False,True
3224,humaneval_HumanEval/144:1:0:0,real,humaneval,84e4011abca02fab7306fed8d9af5853a4d18ce753f4d048672e686721bb8235,False,False,random,0.4,-1.6430904865264893,-0.580590546131134,False,True
3224,humaneval_HumanEval/144:1:0:0,real,humaneval,84e4011abca02fab7306fed8d9af5853a4d18ce753f4d048672e686721bb8235,False,False,shuffled,0.02,-1.6481475830078125,-0.5856475234031677,False,True
3224,humaneval_HumanEval/144:1:0:0,real,humaneval,84e4011abca02fab7306fed8d9af5853a4d18ce753f4d048672e686721bb8235,False,False,shuffled,0.05,-1.5975667238235474,-0.5975667238235474,False,True
3224,humaneval_HumanEval/144:1:0:0,real,humaneval,84e4011abca02fab7306fed8d9af5853a4d18ce753f4d048672e686721bb8235,False,False,shuffled,0.1,-1.649456262588501,-0.5869563221931458,False,True
3224,humaneval_HumanEval/144:1:0:0,real,humaneval,84e4011abca02fab7306fed8d9af5853a4d18ce753f4d048672e686721bb8235,False,False,shuffled,0.2,-1.6489176750183105,-0.5864177346229553,False,True
3224,humaneval_HumanEval/144:1:0:0,real,humaneval,84e4011abca02fab7306fed8d9af5853a4d18ce753f4d048672e686721bb8235,False,False,shuffled,0.4,-1.6048715114593506,-0.6048715114593506,False,True
3224,humaneval_HumanEval/144:1:0:0,real,humaneval,84e4011abca02fab7306fed8d9af5853a4d18ce753f4d048672e686721bb8235,False,False,wrong_site,0.02,-1.6511389017105103,-0.5886389017105103,False,True
3224,humaneval_HumanEval/144:1:0:0,real,humaneval,84e4011abca02fab7306fed8d9af5853a4d18ce753f4d048672e686721bb8235,False,False,wrong_site,0.05,-1.6483290195465088,-0.5858290791511536,False,True
3224,humaneval_HumanEval/144:1:0:0,real,humaneval,84e4011abca02fab7306fed8d9af5853a4d18ce753f4d048672e686721bb8235,False,False,wrong_site,0.1,-1.6489816904067993,-0.5864816904067993,False,True
3224,humaneval_HumanEval/144:1:0:0,real,humaneval,84e4011abca02fab7306fed8d9af5853a4d18ce753f4d048672e686721bb8235,False,False,wrong_site,0.2,-1.6135693788528442,-0.6135693788528442,False,True
3224,humaneval_HumanEval/144:1:0:0,real,humaneval,84e4011abca02fab7306fed8d9af5853a4d18ce753f4d048672e686721bb8235,False,False,wrong_site,0.4,-1.6076858043670654,-0.6076857447624207,False,True
3224,humaneval_HumanEval/144:1:0:0,real,humaneval,84e4011abca02fab7306fed8d9af5853a4d18ce753f4d048672e686721bb8235,False,False,answer_site,0.02,-1.6492007970809937,-0.5867007970809937,False,True
3224,humaneval_HumanEval/144:1:0:0,real,humaneval,84e4011abca02fab7306fed8d9af5853a4d18ce753f4d048672e686721bb8235,False,False,answer_site,0.05,-1.651989459991455,-0.5894894003868103,False,True
3224,humaneval_HumanEval/144:1:0:0,real,humaneval,84e4011abca02fab7306fed8d9af5853a4d18ce753f4d048672e686721bb8235,False,False,answer_site,0.1,-1.6906658411026,-0.6281658411026001,False,True
3224,humaneval_HumanEval/144:1:0:0,real,humaneval,84e4011abca02fab7306fed8d9af5853a4d18ce753f4d048672e686721bb8235,False,False,answer_site,0.2,-1.850968360900879,-0.8509683012962341,False,True
3224,humaneval_HumanEval/144:1:0:0,real,humaneval,84e4011abca02fab7306fed8d9af5853a4d18ce753f4d048672e686721bb8235,False,False,answer_site,0.4,-6.106169700622559,-5.887419700622559,False,False
3224,humaneval_HumanEval/144:1:0:0,real,humaneval,84e4011abca02fab7306fed8d9af5853a4d18ce753f4d048672e686721bb8235,False,False,actuator_cond,0.02,-1.5978524684906006,-0.5978524684906006,False,True
3224,humaneval_HumanEval/144:1:0:0,real,humaneval,84e4011abca02fab7306fed8d9af5853a4d18ce753f4d048672e686721bb8235,False,False,actuator_cond,0.05,-1.6071280241012573,-0.6071280241012573,False,True
3224,humaneval_HumanEval/144:1:0:0,real,humaneval,84e4011abca02fab7306fed8d9af5853a4d18ce753f4d048672e686721bb8235,False,False,actuator_cond,0.1,-1.5642285346984863,-0.6267284750938416,False,True
3224,humaneval_HumanEval/144:1:0:0,real,humaneval,84e4011abca02fab7306fed8d9af5853a4d18ce753f4d048672e686721bb8235,False,False,actuator_cond,0.2,-1.4929959774017334,-0.6804959177970886,False,True
3224,humaneval_HumanEval/144:1:0:0,real,humaneval,84e4011abca02fab7306fed8d9af5853a4d18ce753f4d048672e686721bb8235,False,False,actuator_cond,0.4,-1.3335041999816895,-0.7710042595863342,False,True
3224,humaneval_HumanEval/144:1:0:0,real,humaneval,84e4011abca02fab7306fed8d9af5853a4d18ce753f4d048672e686721bb8235,False,False,actuator_answer,0.02,-3.087231159210205,-0.2747311592102051,False,True
3224,humaneval_HumanEval/144:1:0:0,real,humaneval,84e4011abca02fab7306fed8d9af5853a4d18ce753f4d048672e686721bb8235,False,False,actuator_answer,0.05,-5.875002384185791,-0.12500260770320892,False,True
3224,humaneval_HumanEval/144:1:0:0,real,humaneval,84e4011abca02fab7306fed8d9af5853a4d18ce753f4d048672e686721bb8235,False,False,actuator_answer,0.1,-11.132315635681152,-0.038565270602703094,False,True
3224,humaneval_HumanEval/144:1:0:0,real,humaneval,84e4011abca02fab7306fed8d9af5853a4d18ce753f4d048672e686721bb8235,False,False,actuator_answer,0.2,-24.096403121948242,-0.0026523431297391653,False,True
3224,humaneval_HumanEval/144:1:0:0,real,humaneval,84e4011abca02fab7306fed8d9af5853a4d18ce753f4d048672e686721bb8235,False,False,actuator_answer,0.4,-63.258270263671875,-0.008270184509456158,False,True
3225,humaneval_HumanEval/144:1:0:1,real,humaneval,84e4011abca02fab7306fed8d9af5853a4d18ce753f4d048672e686721bb8235,True,False,baseline,0.0,-0.6612678170204163,-1.5362677574157715,True,False
3225,humaneval_HumanEval/144:1:0:1,real,humaneval,84e4011abca02fab7306fed8d9af5853a4d18ce753f4d048672e686721bb8235,True,False,semantic,0.02,-0.6579567790031433,-1.532956838607788,True,False
3225,humaneval_HumanEval/144:1:0:1,real,humaneval,84e4011abca02fab7306fed8d9af5853a4d18ce753f4d048672e686721bb8235,True,False,semantic,0.05,-0.6309070587158203,-1.5684070587158203,True,False
3225,humaneval_HumanEval/144:1:0:1,real,humaneval,84e4011abca02fab7306fed8d9af5853a4d18ce753f4d048672e686721bb8235,True,False,semantic,0.1,-0.6443137526512146,-1.5818138122558594,True,False
3225,humaneval_HumanEval/144:1:0:1,real,humaneval,84e4011abca02fab7306fed8d9af5853a4d18ce753f4d048672e686721bb8235,True,False,semantic,0.2,-0.6455440521240234,-1.5830440521240234,True,False
3225,humaneval_HumanEval/144:1:0:1,real,humaneval,84e4011abca02fab7306fed8d9af5853a4d18ce753f4d048672e686721bb8235,True,False,semantic,0.4,-0.6031494140625,-1.6656494140625,True,False
3225,humaneval_HumanEval/144:1:0:1,real,humaneval,84e4011abca02fab7306fed8d9af5853a4d18ce753f4d048672e686721bb8235,True,False,reverse,0.02,-0.660792887210846,-1.5357928276062012,True,False
3225,humaneval_HumanEval/144:1:0:1,real,humaneval,84e4011abca02fab7306fed8d9af5853a4d18ce753f4d048672e686721bb8235,True,False,reverse,0.05,-0.6402122974395752,-1.5777122974395752,True,False
3225,humaneval_HumanEval/144:1:0:1,real,humaneval,84e4011abca02fab7306fed8d9af5853a4d18ce753f4d048672e686721bb8235,True,False,reverse,0.1,-0.6405339241027832,-1.5780339241027832,True,False
3225,humaneval_HumanEval/144:1:0:1,real,humaneval,84e4011abca02fab7306fed8d9af5853a4d18ce753f4d048672e686721bb8235,True,False,reverse,0.2,-0.6512317657470703,-1.5262317657470703,True,False
3225,humaneval_HumanEval/144:1:0:1,real,humaneval,84e4011abca02fab7306fed8d9af5853a4d18ce753f4d048672e686721bb8235,True,False,reverse,0.4,-0.6508382558822632,-1.5258382558822632,True,False
3225,humaneval_HumanEval/144:1:0:1,real,humaneval,84e4011abca02fab7306fed8d9af5853a4d18ce753f4d048672e686721bb8235,True,False,random,0.02,-0.6575973629951477,-1.532597303390503,True,False
3225,humaneval_HumanEval/144:1:0:1,real,humaneval,84e4011abca02fab7306fed8d9af5853a4d18ce753f4d048672e686721bb8235,True,False,random,0.05,-0.6578049659729004,-1.5328049659729004,True,False
3225,humaneval_HumanEval/144:1:0:1,real,humaneval,84e4011abca02fab7306fed8d9af5853a4d18ce753f4d048672e686721bb8235,True,False,random,0.1,-0.6282780170440674,-1.5657780170440674,True,False
3225,humaneval_HumanEval/144:1:0:1,real,humaneval,84e4011abca02fab7306fed8d9af5853a4d18ce753f4d048672e686721bb8235,True,False,random,0.2,-0.6547915935516357,-1.5297915935516357,True,False
3225,humaneval_HumanEval/144:1:0:1,real,humaneval,84e4011abca02fab7306fed8d9af5853a4d18ce753f4d048672e686721bb8235,True,False,random,0.4,-0.6463337540626526,-1.5213336944580078,True,False
3225,humaneval_HumanEval/144:1:0:1,real,humaneval,84e4011abca02fab7306fed8d9af5853a4d18ce753f4d048672e686721bb8235,True,False,shuffled,0.02,-0.6288782358169556,-1.5663782358169556,True,False
3225,humaneval_HumanEval/144:1:0:1,real,humaneval,84e4011abca02fab7306fed8d9af5853a4d18ce753f4d048672e686721bb8235,True,False,shuffled,0.05,-0.6607305407524109,-1.5357306003570557,True,False
3225,humaneval_HumanEval/144:1:0:1,real,humaneval,84e4011abca02fab7306fed8d9af5853a4d18ce753f4d048672e686721bb8235,True,False,shuffled,0.1,-0.6343504786491394,-1.5718505382537842,True,False
3225,humaneval_HumanEval/144:1:0:1,real,humaneval,84e4011abca02fab7306fed8d9af5853a4d18ce753f4d048672e686721bb8235,True,False,shuffled,0.2,-0.6389108300209045,-1.5764107704162598,True,False
3225,humaneval_HumanEval/144:1:0:1,real,humaneval,84e4011abca02fab7306fed8d9af5853a4d18ce753f4d048672e686721bb8235,True,False,shuffled,0.4,-0.6516170501708984,-1.5891170501708984,True,False
3225,humaneval_HumanEval/144:1:0:1,real,humaneval,84e4011abca02fab7306fed8d9af5853a4d18ce753f4d048672e686721bb8235,True,False,wrong_site,0.02,-0.6517457962036133,-1.5267457962036133,True,False
3225,humaneval_HumanEval/144:1:0:1,real,humaneval,84e4011abca02fab7306fed8d9af5853a4d18ce753f4d048672e686721bb8235,True,False,wrong_site,0.05,-0.6544486880302429,-1.5294487476348877,True,False
3225,humaneval_HumanEval/144:1:0:1,real,humaneval,84e4011abca02fab7306fed8d9af5853a4d18ce753f4d048672e686721bb8235,True,False,wrong_site,0.1,-0.6579878330230713,-1.5329878330230713,True,False
3225,humaneval_HumanEval/144:1:0:1,real,humaneval,84e4011abca02fab7306fed8d9af5853a4d18ce753f4d048672e686721bb8235,True,False,wrong_site,0.2,-0.6389076709747314,-1.5764076709747314,True,False
3225,humaneval_HumanEval/144:1:0:1,real,humaneval,84e4011abca02fab7306fed8d9af5853a4d18ce753f4d048672e686721bb8235,True,False,wrong_site,0.4,-0.6360028982162476,-1.5735028982162476,True,False
3225,humaneval_HumanEval/144:1:0:1,real,humaneval,84e4011abca02fab7306fed8d9af5853a4d18ce753f4d048672e686721bb8235,True,False,answer_site,0.02,-0.6618370413780212,-1.536837100982666,True,False
3225,humaneval_HumanEval/144:1:0:1,real,humaneval,84e4011abca02fab7306fed8d9af5853a4d18ce753f4d048672e686721bb8235,True,False,answer_site,0.05,-0.6690375208854675,-1.5440375804901123,True,False
3225,humaneval_HumanEval/144:1:0:1,real,humaneval,84e4011abca02fab7306fed8d9af5853a4d18ce753f4d048672e686721bb8235,True,False,answer_site,0.1,-0.7245241403579712,-1.5995241403579712,True,False
3225,humaneval_HumanEval/144:1:0:1,real,humaneval,84e4011abca02fab7306fed8d9af5853a4d18ce753f4d048672e686721bb8235,True,False,answer_site,0.2,-0.786220908164978,-1.786220908164978,True,False
3225,humaneval_HumanEval/144:1:0:1,real,humaneval,84e4011abca02fab7306fed8d9af5853a4d18ce753f4d048672e686721bb8235,True,False,answer_site,0.4,-1.2428003549575806,-2.867800235748291,False,False
3225,humaneval_HumanEval/144:1:0:1,real,humaneval,84e4011abca02fab7306fed8d9af5853a4d18ce753f4d048672e686721bb8235,True,False,actuator_cond,0.02,-0.6320059299468994,-1.5695059299468994,True,False
3225,humaneval_HumanEval/144:1:0:1,real,humaneval,84e4011abca02fab7306fed8d9af5853a4d18ce753f4d048672e686721bb8235,True,False,actuator_cond,0.05,-0.6546878814697266,-1.5296878814697266,True,False
3225,humaneval_HumanEval/144:1:0:1,real,humaneval,84e4011abca02fab7306fed8d9af5853a4d18ce753f4d048672e686721bb8235,True,False,actuator_cond,0.1,-0.6187082529067993,-1.6187082529067993,True,False
3225,humaneval_HumanEval/144:1:0:1,real,humaneval,84e4011abca02fab7306fed8d9af5853a4d18ce753f4d048672e686721bb8235,True,False,actuator_cond,0.2,-0.5558567643165588,-1.743356704711914,True,False
3225,humaneval_HumanEval/144:1:0:1,real,humaneval,84e4011abca02fab7306fed8d9af5853a4d18ce753f4d048672e686721bb8235,True,False,actuator_cond,0.4,-0.4249526560306549,-2.112452745437622,True,False
3225,humaneval_HumanEval/144:1:0:1,real,humaneval,84e4011abca02fab7306fed8d9af5853a4d18ce753f4d048672e686721bb8235,True,False,actuator_answer,0.02,-1.562039852142334,-0.6245399117469788,False,True
3225,humaneval_HumanEval/144:1:0:1,real,humaneval,84e4011abca02fab7306fed8d9af5853a4d18ce753f4d048672e686721bb8235,True,False,actuator_answer,0.05,-4.415767669677734,-0.1657676249742508,False,True
3225,humaneval_HumanEval/144:1:0:1,real,humaneval,84e4011abca02fab7306fed8d9af5853a4d18ce753f4d048672e686721bb8235,True,False,actuator_answer,0.1,-9.573821067810059,-0.04257136955857277,False,True
3225,humaneval_HumanEval/144:1:0:1,real,humaneval,84e4011abca02fab7306fed8d9af5853a4d18ce753f4d048672e686721bb8235,True,False,actuator_answer,0.2,-21.864717483520508,-0.0014369887067005038,False,True
3225,humaneval_HumanEval/144:1:0:1,real,humaneval,84e4011abca02fab7306fed8d9af5853a4d18ce753f4d048672e686721bb8235,True,False,actuator_answer,0.4,-61.50693130493164,-0.006931900046765804,False,True
3226,humaneval_HumanEval/144:3:0:0,real,humaneval,84e4011abca02fab7306fed8d9af5853a4d18ce753f4d048672e686721bb8235,False,False,baseline,0.0,-1.5869617462158203,-0.5869617462158203,False,True
3226,humaneval_HumanEval/144:3:0:0,real,humaneval,84e4011abca02fab7306fed8d9af5853a4d18ce753f4d048672e686721bb8235,False,False,semantic,0.02,-1.5809757709503174,-0.5809758305549622,False,True
3226,humaneval_HumanEval/144:3:0:0,real,humaneval,84e4011abca02fab7306fed8d9af5853a4d18ce753f4d048672e686721bb8235,False,False,semantic,0.05,-1.5821447372436523,-0.5821446776390076,False,True
3226,humaneval_HumanEval/144:3:0:0,real,humaneval,84e4011abca02fab7306fed8d9af5853a4d18ce753f4d048672e686721bb8235,False,False,semantic,0.1,-1.6222590208053589,-0.5597590208053589,False,True
3226,humaneval_HumanEval/144:3:0:0,real,humaneval,84e4011abca02fab7306fed8d9af5853a4d18ce753f4d048672e686721bb8235,False,False,semantic,0.2,-1.579206943511963,-0.5792070031166077,False,True
3226,humaneval_HumanEval/144:3:0:0,real,humaneval,84e4011abca02fab7306fed8d9af5853a4d18ce753f4d048672e686721bb8235,False,False,semantic,0.4,-1.534406065940857,-0.5969060659408569,False,True
3226,humaneval_HumanEval/144:3:0:0,real,humaneval,84e4011abca02fab7306fed8d9af5853a4d18ce753f4d048672e686721bb8235,False,False,reverse,0.02,-1.5846409797668457,-0.5846410393714905,False,True
3226,humaneval_HumanEval/144:3:0:0,real,humaneval,84e4011abca02fab7306fed8d9af5853a4d18ce753f4d048672e686721bb8235,False,False,reverse,0.05,-1.5775272846221924,-0.5775272250175476,False,True
3226,humaneval_HumanEval/144:3:0:0,real,humaneval,84e4011abca02fab7306fed8d9af5853a4d18ce753f4d048672e686721bb8235,False,False,reverse,0.1,-1.578284740447998,-0.5782846808433533,False,True
3226,humaneval_HumanEval/144:3:0:0,real,humaneval,84e4011abca02fab7306fed8d9af5853a4d18ce753f4d048672e686721bb8235,False,False,reverse,0.2,-1.6293742656707764,-0.5668742656707764,False,True
3226,humaneval_HumanEval/144:3:0:0,real,humaneval,84e4011abca02fab7306fed8d9af5853a4d18ce753f4d048672e686721bb8235,False,False,reverse,0.4,-1.6851407289505005,-0.5601407289505005,False,True
3226,humaneval_HumanEval/144:3:0:0,real,humaneval,84e4011abca02fab7306fed8d9af5853a4d18ce753f4d048672e686721bb8235,False,False,random,0.02,-1.5752604007720947,-0.57526034116745,False,True
3226,humaneval_HumanEval/144:3:0:0,real,humaneval,84e4011abca02fab7306fed8d9af5853a4d18ce753f4d048672e686721bb8235,False,False,random,0.05,-1.581784963607788,-0.5817849040031433,False,True
3226,humaneval_HumanEval/144:3:0:0,real,humaneval,84e4011abca02fab7306fed8d9af5853a4d18ce753f4d048672e686721bb8235,False,False,random,0.1,-1.5796301364898682,-0.5796301960945129,False,True
3226,humaneval_HumanEval/144:3:0:0,real,humaneval,84e4011abca02fab7306fed8d9af5853a4d18ce753f4d048672e686721bb8235,False,False,random,0.2,-1.5847582817077637,-0.5847582817077637,False,True
3226,humaneval_HumanEval/144:3:0:0,real,humaneval,84e4011abca02fab7306fed8d9af5853a4d18ce753f4d048672e686721bb8235,False,False,random,0.4,-1.5857000350952148,-0.5857000350952148,False,True
3226,humaneval_HumanEval/144:3:0:0,real,humaneval,84e4011abca02fab7306fed8d9af5853a4d18ce753f4d048672e686721bb8235,False,False,shuffled,0.02,-1.5796719789505005,-0.5796719789505005,False,True
3226,humaneval_HumanEval/144:3:0:0,real,humaneval,84e4011abca02fab7306fed8d9af5853a4d18ce753f4d048672e686721bb8235,False,False,shuffled,0.05,-1.5750912427902222,-0.5750912427902222,False,True
3226,humaneval_HumanEval/144:3:0:0,real,humaneval,84e4011abca02fab7306fed8d9af5853a4d18ce753f4d048672e686721bb8235,False,False,shuffled,0.1,-1.5850484371185303,-0.585048496723175,False,True
3226,humaneval_HumanEval/144:3:0:0,real,humaneval,84e4011abca02fab7306fed8d9af5853a4d18ce753f4d048672e686721bb8235,False,False,shuffled,0.2,-1.585690975189209,-0.5856909155845642,False,True
3226,humaneval_HumanEval/144:3:0:0,real,humaneval,84e4011abca02fab7306fed8d9af5853a4d18ce753f4d048672e686721bb8235,False,False,shuffled,0.4,-1.6217594146728516,-0.5592594146728516,False,True
3226,humaneval_HumanEval/144:3:0:0,real,humaneval,84e4011abca02fab7306fed8d9af5853a4d18ce753f4d048672e686721bb8235,False,False,wrong_site,0.02,-1.575639247894287,-0.5756391882896423,False,True
3226,humaneval_HumanEval/144:3:0:0,real,humaneval,84e4011abca02fab7306fed8d9af5853a4d18ce753f4d048672e686721bb8235,False,False,wrong_site,0.05,-1.5400813817977905,-0.6025813817977905,False,True
3226,humaneval_HumanEval/144:3:0:0,real,humaneval,84e4011abca02fab7306fed8d9af5853a4d18ce753f4d048672e686721bb8235,False,False,wrong_site,0.1,-1.580026388168335,-0.580026388168335,False,True
3226,humaneval_HumanEval/144:3:0:0,real,humaneval,84e4011abca02fab7306fed8d9af5853a4d18ce753f4d048672e686721bb8235,False,False,wrong_site,0.2,-1.574735403060913,-0.5747354030609131,False,True
3226,humaneval_HumanEval/144:3:0:0,real,humaneval,84e4011abca02fab7306fed8d9af5853a4d18ce753f4d048672e686721bb8235,False,False,wrong_site,0.4,-1.5757009983062744,-0.5757009387016296,False,True
3226,humaneval_HumanEval/144:3:0:0,real,humaneval,84e4011abca02fab7306fed8d9af5853a4d18ce753f4d048672e686721bb8235,False,False,answer_site,0.02,-1.5812240839004517,-0.5812240839004517,False,True
3226,humaneval_HumanEval/144:3:0:0,real,humaneval,84e4011abca02fab7306fed8d9af5853a4d18ce753f4d048672e686721bb8235,False,False,answer_site,0.05,-1.5891557931900024,-0.5891557931900024,False,True
3226,humaneval_HumanEval/144:3:0:0,real,humaneval,84e4011abca02fab7306fed8d9af5853a4d18ce753f4d048672e686721bb8235,False,False,answer_site,0.1,-1.6274726390838623,-0.6274726986885071,False,True
3226,humaneval_HumanEval/144:3:0:0,real,humaneval,84e4011abca02fab7306fed8d9af5853a4d18ce753f4d048672e686721bb8235,False,False,answer_site,0.2,-1.7914375066757202,-0.8539375066757202,False,True
3226,humaneval_HumanEval/144:3:0:0,real,humaneval,84e4011abca02fab7306fed8d9af5853a4d18ce753f4d048672e686721bb8235,False,False,answer_site,0.4,-6.04872989654541,-5.82997989654541,False,False
3226,humaneval_HumanEval/144:3:0:0,real,humaneval,84e4011abca02fab7306fed8d9af5853a4d18ce753f4d048672e686721bb8235,False,False,actuator_cond,0.02,-1.5399757623672485,-0.6024757623672485,False,True
3226,humaneval_HumanEval/144:3:0:0,real,humaneval,84e4011abca02fab7306fed8d9af5853a4d18ce753f4d048672e686721bb8235,False,False,actuator_cond,0.05,-1.5904443264007568,-0.5904442667961121,False,True
3226,humaneval_HumanEval/144:3:0:0,real,humaneval,84e4011abca02fab7306fed8d9af5853a4d18ce753f4d048672e686721bb8235,False,False,actuator_cond,0.1,-1.5453664064407349,-0.6078664064407349,False,True
3226,humaneval_HumanEval/144:3:0:0,real,humaneval,84e4011abca02fab7306fed8d9af5853a4d18ce753f4d048672e686721bb8235,False,False,actuator_cond,0.2,-1.467061996459961,-0.6545620560646057,False,True
3226,humaneval_HumanEval/144:3:0:0,real,humaneval,84e4011abca02fab7306fed8d9af5853a4d18ce753f4d048672e686721bb8235,False,False,actuator_cond,0.4,-1.2449686527252197,-0.8074686527252197,False,True
3226,humaneval_HumanEval/144:3:0:0,real,humaneval,84e4011abca02fab7306fed8d9af5853a4d18ce753f4d048672e686721bb8235,False,False,actuator_answer,0.02,-3.0745222568511963,-0.2620222270488739,False,True
3226,humaneval_HumanEval/144:3:0:0,real,humaneval,84e4011abca02fab7306fed8d9af5853a4d18ce753f4d048672e686721bb8235,False,False,actuator_answer,0.05,-5.86281681060791,-0.11281681060791016,False,True
3226,humaneval_HumanEval/144:3:0:0,real,humaneval,84e4011abca02fab7306fed8d9af5853a4d18ce753f4d048672e686721bb8235,False,False,actuator_answer,0.1,-11.126703262329102,-0.032953135669231415,False,True
3226,humaneval_HumanEval/144:3:0:0,real,humaneval,84e4011abca02fab7306fed8d9af5853a4d18ce753f4d048672e686721bb8235,False,False,actuator_answer,0.2,-24.127376556396484,-0.0023765910882502794,False,True
3226,humaneval_HumanEval/144:3:0:0,real,humaneval,84e4011abca02fab7306fed8d9af5853a4d18ce753f4d048672e686721bb8235,False,False,actuator_answer,0.4,-63.258270263671875,-0.008270184509456158,False,True
3227,humaneval_HumanEval/144:3:0:1,real,humaneval,84e4011abca02fab7306fed8d9af5853a4d18ce753f4d048672e686721bb8235,True,False,baseline,0.0,-0.6218957901000977,-1.5593957901000977,True,False
3227,humaneval_HumanEval/144:3:0:1,real,humaneval,84e4011abca02fab7306fed8d9af5853a4d18ce753f4d048672e686721bb8235,True,False,semantic,0.02,-0.6204052567481995,-1.5579051971435547,True,False
3227,humaneval_HumanEval/144:3:0:1,real,humaneval,84e4011abca02fab7306fed8d9af5853a4d18ce753f4d048672e686721bb8235,True,False,semantic,0.05,-0.6257262825965881,-1.5632262229919434,True,False
3227,humaneval_HumanEval/144:3:0:1,real,humaneval,84e4011abca02fab7306fed8d9af5853a4d18ce753f4d048672e686721bb8235,True,False,semantic,0.1,-0.6267055869102478,-1.5642056465148926,True,False
3227,humaneval_HumanEval/144:3:0:1,real,humaneval,84e4011abca02fab7306fed8d9af5853a4d18ce753f4d048672e686721bb8235,True,False,semantic,0.2,-0.6290470361709595,-1.5665470361709595,True,False
3227,humaneval_HumanEval/144:3:0:1,real,humaneval,84e4011abca02fab7306fed8d9af5853a4d18ce753f4d048672e686721bb8235,True,False,semantic,0.4,-0.6129698157310486,-1.6129698753356934,True,False
3227,humaneval_HumanEval/144:3:0:1,real,humaneval,84e4011abca02fab7306fed8d9af5853a4d18ce753f4d048672e686721bb8235,True,False,reverse,0.02,-0.6481639742851257,-1.5231640338897705,True,False
3227,humaneval_HumanEval/144:3:0:1,real,humaneval,84e4011abca02fab7306fed8d9af5853a4d18ce753f4d048672e686721bb8235,True,False,reverse,0.05,-0.6220670938491821,-1.5595670938491821,True,False
3227,humaneval_HumanEval/144:3:0:1,real,humaneval,84e4011abca02fab7306fed8d9af5853a4d18ce753f4d048672e686721bb8235,True,False,reverse,0.1,-0.6150538325309753,-1.5525538921356201,True,False
3227,humaneval_HumanEval/144:3:0:1,real,humaneval,84e4011abca02fab7306fed8d9af5853a4d18ce753f4d048672e686721bb8235,True,False,reverse,0.2,-0.6201986074447632,-1.5576986074447632,True,False
3227,humaneval_HumanEval/144:3:0:1,real,humaneval,84e4011abca02fab7306fed8d9af5853a4d18ce753f4d048672e686721bb8235,True,False,reverse,0.4,-0.6138423085212708,-1.551342248916626,True,False
3227,humaneval_HumanEval/144:3:0:1,real,humaneval,84e4011abca02fab7306fed8d9af5853a4d18ce753f4d048672e686721bb8235,True,False,random,0.02,-0.6234890222549438,-1.5609890222549438,True,False
3227,humaneval_HumanEval/144:3:0:1,real,humaneval,84e4011abca02fab7306fed8d9af5853a4d18ce753f4d048672e686721bb8235,True,False,random,0.05,-0.6170067191123962,-1.554506778717041,True,False
3227,humaneval_HumanEval/144:3:0:1,real,humaneval,84e4011abca02fab7306fed8d9af5853a4d18ce753f4d048672e686721bb8235,True,False,random,0.1,-0.6215693354606628,-1.5590693950653076,True,False
3227,humaneval_HumanEval/144:3:0:1,real,humaneval,84e4011abca02fab7306fed8d9af5853a4d18ce753f4d048672e686721bb8235,True,False,random,0.2,-0.6442134976387024,-1.5192134380340576,True,False
3227,humaneval_HumanEval/144:3:0:1,real,humaneval,84e4011abca02fab7306fed8d9af5853a4d18ce753f4d048672e686721bb8235,True,False,random,0.4,-0.6277936697006226,-1.5652936697006226,True,False
3227,humaneval_HumanEval/144:3:0:1,real,humaneval,84e4011abca02fab7306fed8d9af5853a4d18ce753f4d048672e686721bb8235,True,False,shuffled,0.02,-0.6257587671279907,-1.5632587671279907,True,False
3227,humaneval_HumanEval/144:3:0:1,real,humaneval,84e4011abca02fab7306fed8d9af5853a4d18ce753f4d048672e686721bb8235,True,False,shuffled,0.05,-0.639731764793396,-1.514731764793396,True,False
3227,humaneval_HumanEval/144:3:0:1,real,humaneval,84e4011abca02fab7306fed8d9af5853a4d18ce753f4d048672e686721bb8235,True,False,shuffled,0.1,-0.6233422160148621,-1.5608422756195068,True,False
3227,humaneval_HumanEval/144:3:0:1,real,humaneval,84e4011abca02fab7306fed8d9af5853a4d18ce753f4d048672e686721bb8235,True,False,shuffled,0.2,-0.6517921090126038,-1.526792049407959,True,False
3227,humaneval_HumanEval/144:3:0:1,real,humaneval,84e4011abca02fab7306fed8d9af5853a4d18ce753f4d048672e686721bb8235,True,False,shuffled,0.4,-0.6449302434921265,-1.5824302434921265,True,False
3227,humaneval_HumanEval/144:3:0:1,real,humaneval,84e4011abca02fab7306fed8d9af5853a4d18ce753f4d048672e686721bb8235,True,False,wrong_site,0.02,-0.6301038265228271,-1.5676038265228271,True,False
3227,humaneval_HumanEval/144:3:0:1,real,humaneval,84e4011abca02fab7306fed8d9af5853a4d18ce753f4d048672e686721bb8235,True,False,wrong_site,0.05,-0.6218876242637634,-1.5593876838684082,True,False
3227,humaneval_HumanEval/144:3:0:1,real,humaneval,84e4011abca02fab7306fed8d9af5853a4d18ce753f4d048672e686721bb8235,True,False,wrong_site,0.1,-0.6175839304924011,-1.555083990097046,True,False
3227,humaneval_HumanEval/144:3:0:1,real,humaneval,84e4011abca02fab7306fed8d9af5853a4d18ce753f4d048672e686721bb8235,True,False,wrong_site,0.2,-0.6306087374687195,-1.5681087970733643,True,False
3227,humaneval_HumanEval/144:3:0:1,real,humaneval,84e4011abca02fab7306fed8d9af5853a4d18ce753f4d048672e686721bb8235,True,False,wrong_site,0.4,-0.6236287951469421,-1.561128854751587,True,False
3227,humaneval_HumanEval/144:3:0:1,real,humaneval,84e4011abca02fab7306fed8d9af5853a4d18ce753f4d048672e686721bb8235,True,False,answer_site,0.02,-0.6212786436080933,-1.5587786436080933,True,False
3227,humaneval_HumanEval/144:3:0:1,real,humaneval,84e4011abca02fab7306fed8d9af5853a4d18ce753f4d048672e686721bb8235,True,False,answer_site,0.05,-0.6690124273300171,-1.544012427330017,True,False
3227,humaneval_HumanEval/144:3:0:1,real,humaneval,84e4011abca02fab7306fed8d9af5853a4d18ce753f4d048672e686721bb8235,True,False,answer_site,0.1,-0.7058660387992859,-1.5808660984039307,True,False
3227,humaneval_HumanEval/144:3:0:1,real,humaneval,84e4011abca02fab7306fed8d9af5853a4d18ce753f4d048672e686721bb8235,True,False,answer_site,0.2,-0.7543985843658447,-1.7543985843658447,True,False
3227,humaneval_HumanEval/144:3:0:1,real,humaneval,84e4011abca02fab7306fed8d9af5853a4d18ce753f4d048672e686721bb8235,True,False,answer_site,0.4,-1.2514818906784058,-2.8139820098876953,False,False
3227,humaneval_HumanEval/144:3:0:1,real,humaneval,84e4011abca02fab7306fed8d9af5853a4d18ce753f4d048672e686721bb8235,True,False,actuator_cond,0.02,-0.6170398592948914,-1.5545399188995361,True,False
3227,humaneval_HumanEval/144:3:0:1,real,humaneval,84e4011abca02fab7306fed8d9af5853a4d18ce753f4d048672e686721bb8235,True,False,actuator_cond,0.05,-0.623378336429596,-1.5608782768249512,True,False
3227,humaneval_HumanEval/144:3:0:1,real,humaneval,84e4011abca02fab7306fed8d9af5853a4d18ce753f4d048672e686721bb8235,True,False,actuator_cond,0.1,-0.6117364168167114,-1.6117364168167114,True,False
3227,humaneval_HumanEval/144:3:0:1,real,humaneval,84e4011abca02fab7306fed8d9af5853a4d18ce753f4d048672e686721bb8235,True,False,actuator_cond,0.2,-0.5481735467910767,-1.7356735467910767,True,False
3227,humaneval_HumanEval/144:3:0:1,real,humaneval,84e4011abca02fab7306fed8d9af5853a4d18ce753f4d048672e686721bb8235,True,False,actuator_cond,0.4,-0.41648411750793457,-2.1039841175079346,True,False
3227,humaneval_HumanEval/144:3:0:1,real,humaneval,84e4011abca02fab7306fed8d9af5853a4d18ce753f4d048672e686721bb8235,True,False,actuator_answer,0.02,-1.5506258010864258,-0.6131258606910706,False,True
3227,humaneval_HumanEval/144:3:0:1,real,humaneval,84e4011abca02fab7306fed8d9af5853a4d18ce753f4d048672e686721bb8235,True,False,actuator_answer,0.05,-4.350679874420166,-0.16317971050739288,False,True
3227,humaneval_HumanEval/144:3:0:1,real,humaneval,84e4011abca02fab7306fed8d9af5853a4d18ce753f4d048672e686721bb8235,True,False,actuator_answer,0.1,-9.45000171661377,-0.04375135526061058,False,True
3227,humaneval_HumanEval/144:3:0:1,real,humaneval,84e4011abca02fab7306fed8d9af5853a4d18ce753f4d048672e686721bb8235,True,False,actuator_answer,0.2,-21.80986976623535,-0.0012767505832016468,False,True
3227,humaneval_HumanEval/144:3:0:1,real,humaneval,84e4011abca02fab7306fed8d9af5853a4d18ce753f4d048672e686721bb8235,True,False,actuator_answer,0.4,-61.38154602050781,-0.0065460060723125935,False,True
3228,humaneval_HumanEval/144:3:0:2,real,humaneval,84e4011abca02fab7306fed8d9af5853a4d18ce753f4d048672e686721bb8235,True,False,baseline,0.0,-0.6034428477287292,-1.540942907333374,True,False
3228,humaneval_HumanEval/144:3:0:2,real,humaneval,84e4011abca02fab7306fed8d9af5853a4d18ce753f4d048672e686721bb8235,True,False,semantic,0.02,-0.6002048850059509,-1.5377049446105957,True,False
3228,humaneval_HumanEval/144:3:0:2,real,humaneval,84e4011abca02fab7306fed8d9af5853a4d18ce753f4d048672e686721bb8235,True,False,semantic,0.05,-0.6011092662811279,-1.538609266281128,True,False
3228,humaneval_HumanEval/144:3:0:2,real,humaneval,84e4011abca02fab7306fed8d9af5853a4d18ce753f4d048672e686721bb8235,True,False,semantic,0.1,-0.5993398427963257,-1.5368398427963257,True,False
3228,humaneval_HumanEval/144:3:0:2,real,humaneval,84e4011abca02fab7306fed8d9af5853a4d18ce753f4d048672e686721bb8235,True,False,semantic,0.2,-0.5805940628051758,-1.5805940628051758,True,False
3228,humaneval_HumanEval/144:3:0:2,real,humaneval,84e4011abca02fab7306fed8d9af5853a4d18ce753f4d048672e686721bb8235,True,False,semantic,0.4,-0.5589501261711121,-1.6214501857757568,True,False
3228,humaneval_HumanEval/144:3:0:2,real,humaneval,84e4011abca02fab7306fed8d9af5853a4d18ce753f4d048672e686721bb8235,True,False,reverse,0.02,-0.5752919316291809,-1.5752918720245361,True,False
3228,humaneval_HumanEval/144:3:0:2,real,humaneval,84e4011abca02fab7306fed8d9af5853a4d18ce753f4d048672e686721bb8235,True,False,reverse,0.05,-0.6024417877197266,-1.5399417877197266,True,False
3228,humaneval_HumanEval/144:3:0:2,real,humaneval,84e4011abca02fab7306fed8d9af5853a4d18ce753f4d048672e686721bb8235,True,False,reverse,0.1,-0.5970019698143005,-1.5345020294189453,True,False
3228,humaneval_HumanEval/144:3:0:2,real,humaneval,84e4011abca02fab7306fed8d9af5853a4d18ce753f4d048672e686721bb8235,True,False,reverse,0.2,-0.5913347601890564,-1.5288348197937012,True,False
3228,humaneval_HumanEval/144:3:0:2,real,humaneval,84e4011abca02fab7306fed8d9af5853a4d18ce753f4d048672e686721bb8235,True,False,reverse,0.4,-0.6115534901618958,-1.486553430557251,True,False
3228,humaneval_HumanEval/144:3:0:2,real,humaneval,84e4011abca02fab7306fed8d9af5853a4d18ce753f4d048672e686721bb8235,True,False,random,0.02,-0.6064567565917969,-1.5439567565917969,True,False
3228,humaneval_HumanEval/144:3:0:2,real,humaneval,84e4011abca02fab7306fed8d9af5853a4d18ce753f4d048672e686721bb8235,True,False,random,0.05,-0.5944145321846008,-1.531914472579956,True,False
3228,humaneval_HumanEval/144:3:0:2,real,humaneval,84e4011abca02fab7306fed8d9af5853a4d18ce753f4d048672e686721bb8235,True,False,random,0.1,-0.6027926802635193,-1.540292739868164,True,False
3228,humaneval_HumanEval/144:3:0:2,real,humaneval,84e4011abca02fab7306fed8d9af5853a4d18ce753f4d048672e686721bb8235,True,False,random,0.2,-0.5783926844596863,-1.578392744064331,True,False
3228,humaneval_HumanEval/144:3:0:2,real,humaneval,84e4011abca02fab7306fed8d9af5853a4d18ce753f4d048672e686721bb8235,True,False,random,0.4,-0.6051539182662964,-1.5426539182662964,True,False
3228,humaneval_HumanEval/144:3:0:2,real,humaneval,84e4011abca02fab7306fed8d9af5853a4d18ce753f4d048672e686721bb8235,True,False,shuffled,0.02,-0.6069676280021667,-1.5444676876068115,True,False
3228,humaneval_HumanEval/144:3:0:2,real,humaneval,84e4011abca02fab7306fed8d9af5853a4d18ce753f4d048672e686721bb8235,True,False,shuffled,0.05,-0.5749346017837524,-1.5749346017837524,True,False
3228,humaneval_HumanEval/144:3:0:2,real,humaneval,84e4011abca02fab7306fed8d9af5853a4d18ce753f4d048672e686721bb8235,True,False,shuffled,0.1,-0.5969598889350891,-1.5344598293304443,True,False
3228,humaneval_HumanEval/144:3:0:2,real,humaneval,84e4011abca02fab7306fed8d9af5853a4d18ce753f4d048672e686721bb8235,True,False,shuffled,0.2,-0.5772697925567627,-1.5772697925567627,True,False
3228,humaneval_HumanEval/144:3:0:2,real,humaneval,84e4011abca02fab7306fed8d9af5853a4d18ce753f4d048672e686721bb8235,True,False,shuffled,0.4,-0.585078775882721,-1.5850787162780762,True,False
3228,humaneval_HumanEval/144:3:0:2,real,humaneval,84e4011abca02fab7306fed8d9af5853a4d18ce753f4d048672e686721bb8235,True,False,wrong_site,0.02,-0.6007024049758911,-1.5382024049758911,True,False
3228,humaneval_HumanEval/144:3:0:2,real,humaneval,84e4011abca02fab7306fed8d9af5853a4d18ce753f4d048672e686721bb8235,True,False,wrong_site,0.05,-0.598695695400238,-1.5361957550048828,True,False
3228,humaneval_HumanEval/144:3:0:2,real,humaneval,84e4011abca02fab7306fed8d9af5853a4d18ce753f4d048672e686721bb8235,True,False,wrong_site,0.1,-0.5974907279014587,-1.5349907875061035,True,False
3228,humaneval_HumanEval/144:3:0:2,real,humaneval,84e4011abca02fab7306fed8d9af5853a4d18ce753f4d048672e686721bb8235,True,False,wrong_site,0.2,-0.5772453546524048,-1.5772453546524048,True,False
3228,humaneval_HumanEval/144:3:0:2,real,humaneval,84e4011abca02fab7306fed8d9af5853a4d18ce753f4d048672e686721bb8235,True,False,wrong_site,0.4,-0.5731707215309143,-1.5731706619262695,True,False
3228,humaneval_HumanEval/144:3:0:2,real,humaneval,84e4011abca02fab7306fed8d9af5853a4d18ce753f4d048672e686721bb8235,True,False,answer_site,0.02,-0.611770749092102,-1.486770749092102,True,False
3228,humaneval_HumanEval/144:3:0:2,real,humaneval,84e4011abca02fab7306fed8d9af5853a4d18ce753f4d048672e686721bb8235,True,False,answer_site,0.05,-0.6111711859703064,-1.5486712455749512,True,False
3228,humaneval_HumanEval/144:3:0:2,real,humaneval,84e4011abca02fab7306fed8d9af5853a4d18ce753f4d048672e686721bb8235,True,False,answer_site,0.1,-0.6503684520721436,-1.5878684520721436,True,False
3228,humaneval_HumanEval/144:3:0:2,real,humaneval,84e4011abca02fab7306fed8d9af5853a4d18ce753f4d048672e686721bb8235,True,False,answer_site,0.2,-0.7031497955322266,-1.7656497955322266,True,False
3228,humaneval_HumanEval/144:3:0:2,real,humaneval,84e4011abca02fab7306fed8d9af5853a4d18ce753f4d048672e686721bb8235,True,False,answer_site,0.4,-1.1815506219863892,-2.8065505027770996,False,False
3228,humaneval_HumanEval/144:3:0:2,real,humaneval,84e4011abca02fab7306fed8d9af5853a4d18ce753f4d048672e686721bb8235,True,False,actuator_cond,0.02,-0.6000394821166992,-1.5375394821166992,True,False
3228,humaneval_HumanEval/144:3:0:2,real,humaneval,84e4011abca02fab7306fed8d9af5853a4d18ce753f4d048672e686721bb8235,True,False,actuator_cond,0.05,-0.5988930463790894,-1.5363930463790894,True,False
3228,humaneval_HumanEval/144:3:0:2,real,humaneval,84e4011abca02fab7306fed8d9af5853a4d18ce753f4d048672e686721bb8235,True,False,actuator_cond,0.1,-0.5704039335250854,-1.5704039335250854,True,False
3228,humaneval_HumanEval/144:3:0:2,real,humaneval,84e4011abca02fab7306fed8d9af5853a4d18ce753f4d048672e686721bb8235,True,False,actuator_cond,0.2,-0.5151363015174866,-1.7026362419128418,True,False
3228,humaneval_HumanEval/144:3:0:2,real,humaneval,84e4011abca02fab7306fed8d9af5853a4d18ce753f4d048672e686721bb8235,True,False,actuator_cond,0.4,-0.3821949362754822,-2.132194995880127,True,False
3228,humaneval_HumanEval/144:3:0:2,real,humaneval,84e4011abca02fab7306fed8d9af5853a4d18ce753f4d048672e686721bb8235,True,False,actuator_answer,0.02,-1.484870195388794,-0.609870195388794,False,True
3228,humaneval_HumanEval/144:3:0:2,real,humaneval,84e4011abca02fab7306fed8d9af5853a4d18ce753f4d048672e686721bb8235,True,False,actuator_answer,0.05,-4.221386909484863,-0.15888677537441254,False,True
3228,humaneval_HumanEval/144:3:0:2,real,humaneval,84e4011abca02fab7306fed8d9af5853a4d18ce753f4d048672e686721bb8235,True,False,actuator_answer,0.1,-9.320917129516602,-0.03966749832034111,False,True
3228,humaneval_HumanEval/144:3:0:2,real,humaneval,84e4011abca02fab7306fed8d9af5853a4d18ce753f4d048672e686721bb8235,True,False,actuator_answer,0.2,-21.606761932373047,-0.00129270413890481,False,True
3228,humaneval_HumanEval/144:3:0:2,real,humaneval,84e4011abca02fab7306fed8d9af5853a4d18ce753f4d048672e686721bb8235,True,False,actuator_answer,0.4,-61.25612258911133,-0.006120746955275536,False,True
3229,humaneval_HumanEval/144:4:0:0,real,humaneval,84e4011abca02fab7306fed8d9af5853a4d18ce753f4d048672e686721bb8235,True,False,baseline,0.0,-0.6101275682449341,-1.547627568244934,True,False
3229,humaneval_HumanEval/144:4:0:0,real,humaneval,84e4011abca02fab7306fed8d9af5853a4d18ce753f4d048672e686721bb8235,True,False,semantic,0.02,-0.6303701400756836,-1.5053701400756836,True,False
3229,humaneval_HumanEval/144:4:0:0,real,humaneval,84e4011abca02fab7306fed8d9af5853a4d18ce753f4d048672e686721bb8235,True,False,semantic,0.05,-0.6025689244270325,-1.5400688648223877,True,False
3229,humaneval_HumanEval/144:4:0:0,real,humaneval,84e4011abca02fab7306fed8d9af5853a4d18ce753f4d048672e686721bb8235,True,False,semantic,0.1,-0.6268826723098755,-1.5018826723098755,True,False
3229,humaneval_HumanEval/144:4:0:0,real,humaneval,84e4011abca02fab7306fed8d9af5853a4d18ce753f4d048672e686721bb8235,True,False,semantic,0.2,-0.5923055410385132,-1.5923055410385132,True,False
3229,humaneval_HumanEval/144:4:0:0,real,humaneval,84e4011abca02fab7306fed8d9af5853a4d18ce753f4d048672e686721bb8235,True,False,semantic,0.4,-0.5871512293815613,-1.587151288986206,True,False
3229,humaneval_HumanEval/144:4:0:0,real,humaneval,84e4011abca02fab7306fed8d9af5853a4d18ce753f4d048672e686721bb8235,True,False,reverse,0.02,-0.6129083633422852,-1.5504083633422852,True,False
3229,humaneval_HumanEval/144:4:0:0,real,humaneval,84e4011abca02fab7306fed8d9af5853a4d18ce753f4d048672e686721bb8235,True,False,reverse,0.05,-0.6289091110229492,-1.5039091110229492,True,False
3229,humaneval_HumanEval/144:4:0:0,real,humaneval,84e4011abca02fab7306fed8d9af5853a4d18ce753f4d048672e686721bb8235,True,False,reverse,0.1,-0.6097387671470642,-1.547238826751709,True,False
3229,humaneval_HumanEval/144:4:0:0,real,humaneval,84e4011abca02fab7306fed8d9af5853a4d18ce753f4d048672e686721bb8235,True,False,reverse,0.2,-0.6281694173812866,-1.5031694173812866,True,False
3229,humaneval_HumanEval/144:4:0:0,real,humaneval,84e4011abca02fab7306fed8d9af5853a4d18ce753f4d048672e686721bb8235,True,False,reverse,0.4,-0.621215283870697,-1.4962153434753418,True,False
3229,humaneval_HumanEval/144:4:0:0,real,humaneval,84e4011abca02fab7306fed8d9af5853a4d18ce753f4d048672e686721bb8235,True,False,random,0.02,-0.6025841236114502,-1.5400841236114502,True,False
3229,humaneval_HumanEval/144:4:0:0,real,humaneval,84e4011abca02fab7306fed8d9af5853a4d18ce753f4d048672e686721bb8235,True,False,random,0.05,-0.6049430966377258,-1.542443037033081,True,False
3229,humaneval_HumanEval/144:4:0:0,real,humaneval,84e4011abca02fab7306fed8d9af5853a4d18ce753f4d048672e686721bb8235,True,False,random,0.1,-0.6047099828720093,-1.5422099828720093,True,False
3229,humaneval_HumanEval/144:4:0:0,real,humaneval,84e4011abca02fab7306fed8d9af5853a4d18ce753f4d048672e686721bb8235,True,False,random,0.2,-0.6004314422607422,-1.5379314422607422,True,False
3229,humaneval_HumanEval/144:4:0:0,real,humaneval,84e4011abca02fab7306fed8d9af5853a4d18ce753f4d048672e686721bb8235,True,False,random,0.4,-0.6344655752182007,-1.5094655752182007,True,False
3229,humaneval_HumanEval/144:4:0:0,real,humaneval,84e4011abca02fab7306fed8d9af5853a4d18ce753f4d048672e686721bb8235,True,False,shuffled,0.02,-0.5994910597801208,-1.5369911193847656,True,False
3229,humaneval_HumanEval/144:4:0:0,real,humaneval,84e4011abca02fab7306fed8d9af5853a4d18ce753f4d048672e686721bb8235,True,False,shuffled,0.05,-0.6023179292678833,-1.5398179292678833,True,False
3229,humaneval_HumanEval/144:4:0:0,real,humaneval,84e4011abca02fab7306fed8d9af5853a4d18ce753f4d048672e686721bb8235,True,False,shuffled,0.1,-0.601175844669342,-1.5386757850646973,True,False
3229,humaneval_HumanEval/144:4:0:0,real,humaneval,84e4011abca02fab7306fed8d9af5853a4d18ce753f4d048672e686721bb8235,True,False,shuffled,0.2,-0.6102780699729919,-1.5477781295776367,True,False
3229,humaneval_HumanEval/144:4:0:0,real,humaneval,84e4011abca02fab7306fed8d9af5853a4d18ce753f4d048672e686721bb8235,True,False,shuffled,0.4,-0.6004518270492554,-1.6004518270492554,True,False
3229,humaneval_HumanEval/144:4:0:0,real,humaneval,84e4011abca02fab7306fed8d9af5853a4d18ce753f4d048672e686721bb8235,True,False,wrong_site,0.02,-0.6229602098464966,-1.4979602098464966,True,False
3229,humaneval_HumanEval/144:4:0:0,real,humaneval,84e4011abca02fab7306fed8d9af5853a4d18ce753f4d048672e686721bb8235,True,False,wrong_site,0.05,-0.6032873392105103,-1.5407873392105103,True,False
3229,humaneval_HumanEval/144:4:0:0,real,humaneval,84e4011abca02fab7306fed8d9af5853a4d18ce753f4d048672e686721bb8235,True,False,wrong_site,0.1,-0.6009203791618347,-1.5384204387664795,True,False
3229,humaneval_HumanEval/144:4:0:0,real,humaneval,84e4011abca02fab7306fed8d9af5853a4d18ce753f4d048672e686721bb8235,True,False,wrong_site,0.2,-0.6095183491706848,-1.54701828956604,True,False
3229,humaneval_HumanEval/144:4:0:0,real,humaneval,84e4011abca02fab7306fed8d9af5853a4d18ce753f4d048672e686721bb8235,True,False,wrong_site,0.4,-0.6051799654960632,-1.542680025100708,True,False
3229,humaneval_HumanEval/144:4:0:0,real,humaneval,84e4011abca02fab7306fed8d9af5853a4d18ce753f4d048672e686721bb8235,True,False,answer_site,0.02,-0.6284587979316711,-1.5034587383270264,True,False
3229,humaneval_HumanEval/144:4:0:0,real,humaneval,84e4011abca02fab7306fed8d9af5853a4d18ce753f4d048672e686721bb8235,True,False,answer_site,0.05,-0.6345178484916687,-1.5095179080963135,True,False
3229,humaneval_HumanEval/144:4:0:0,real,humaneval,84e4011abca02fab7306fed8d9af5853a4d18ce753f4d048672e686721bb8235,True,False,answer_site,0.1,-0.655820906162262,-1.5933208465576172,True,False
3229,humaneval_HumanEval/144:4:0:0,real,humaneval,84e4011abca02fab7306fed8d9af5853a4d18ce753f4d048672e686721bb8235,True,False,answer_site,0.2,-0.7497939467430115,-1.7497940063476562,True,False
3229,humaneval_HumanEval/144:4:0:0,real,humaneval,84e4011abca02fab7306fed8d9af5853a4d18ce753f4d048672e686721bb8235,True,False,answer_site,0.4,-1.2284584045410156,-2.7284584045410156,False,False
3229,humaneval_HumanEval/144:4:0:0,real,humaneval,84e4011abca02fab7306fed8d9af5853a4d18ce753f4d048672e686721bb8235,True,False,actuator_cond,0.02,-0.6289201974868774,-1.5039201974868774,True,False
3229,humaneval_HumanEval/144:4:0:0,real,humaneval,84e4011abca02fab7306fed8d9af5853a4d18ce753f4d048672e686721bb8235,True,False,actuator_cond,0.05,-0.6122072339057922,-1.5497071743011475,True,False
3229,humaneval_HumanEval/144:4:0:0,real,humaneval,84e4011abca02fab7306fed8d9af5853a4d18ce753f4d048672e686721bb8235,True,False,actuator_cond,0.1,-0.5886375904083252,-1.5886375904083252,True,False
3229,humaneval_HumanEval/144:4:0:0,real,humaneval,84e4011abca02fab7306fed8d9af5853a4d18ce753f4d048672e686721bb8235,True,False,actuator_cond,0.2,-0.5297324061393738,-1.7172324657440186,True,False
3229,humaneval_HumanEval/144:4:0:0,real,humaneval,84e4011abca02fab7306fed8d9af5853a4d18ce753f4d048672e686721bb8235,True,False,actuator_cond,0.4,-0.3846718668937683,-2.134671926498413,True,False
3229,humaneval_HumanEval/144:4:0:0,real,humaneval,84e4011abca02fab7306fed8d9af5853a4d18ce753f4d048672e686721bb8235,True,False,actuator_answer,0.02,-1.5775476694107056,-0.5775476694107056,False,True
3229,humaneval_HumanEval/144:4:0:0,real,humaneval,84e4011abca02fab7306fed8d9af5853a4d18ce753f4d048672e686721bb8235,True,False,actuator_answer,0.05,-4.406877517700195,-0.15687747299671173,False,True
3229,humaneval_HumanEval/144:4:0:0,real,humaneval,84e4011abca02fab7306fed8d9af5853a4d18ce753f4d048672e686721bb8235,True,False,actuator_answer,0.1,-9.600578308105469,-0.03807813674211502,False,True
3229,humaneval_HumanEval/144:4:0:0,real,humaneval,84e4011abca02fab7306fed8d9af5853a4d18ce753f4d048672e686721bb8235,True,False,actuator_answer,0.2,-22.028512954711914,-0.0011687598889693618,False,True
3229,humaneval_HumanEval/144:4:0:0,real,humaneval,84e4011abca02fab7306fed8d9af5853a4d18ce753f4d048672e686721bb8235,True,False,actuator_answer,0.4,-61.506126403808594,-0.006124893669039011,False,True
3230,humaneval_HumanEval/144:4:0:1,real,humaneval,84e4011abca02fab7306fed8d9af5853a4d18ce753f4d048672e686721bb8235,False,False,baseline,0.0,-1.5606087446212769,-0.6231087446212769,False,True
3230,humaneval_HumanEval/144:4:0:1,real,humaneval,84e4011abca02fab7306fed8d9af5853a4d18ce753f4d048672e686721bb8235,False,False,semantic,0.02,-1.5603294372558594,-0.6228293776512146,False,True
3230,humaneval_HumanEval/144:4:0:1,real,humaneval,84e4011abca02fab7306fed8d9af5853a4d18ce753f4d048672e686721bb8235,False,False,semantic,0.05,-1.555710792541504,-0.6182107329368591,False,True
3230,humaneval_HumanEval/144:4:0:1,real,humaneval,84e4011abca02fab7306fed8d9af5853a4d18ce753f4d048672e686721bb8235,False,False,semantic,0.1,-1.551823377609253,-0.6143233180046082,False,True
3230,humaneval_HumanEval/144:4:0:1,real,humaneval,84e4011abca02fab7306fed8d9af5853a4d18ce753f4d048672e686721bb8235,False,False,semantic,0.2,-1.5494606494903564,-0.6119606494903564,False,True
3230,humaneval_HumanEval/144:4:0:1,real,humaneval,84e4011abca02fab7306fed8d9af5853a4d18ce753f4d048672e686721bb8235,False,False,semantic,0.4,-1.5057976245880127,-0.6307976841926575,False,True
3230,humaneval_HumanEval/144:4:0:1,real,humaneval,84e4011abca02fab7306fed8d9af5853a4d18ce753f4d048672e686721bb8235,False,False,reverse,0.02,-1.5560424327850342,-0.6185423731803894,False,True
3230,humaneval_HumanEval/144:4:0:1,real,humaneval,84e4011abca02fab7306fed8d9af5853a4d18ce753f4d048672e686721bb8235,False,False,reverse,0.05,-1.5576376914978027,-0.620137631893158,False,True
3230,humaneval_HumanEval/144:4:0:1,real,humaneval,84e4011abca02fab7306fed8d9af5853a4d18ce753f4d048672e686721bb8235,False,False,reverse,0.1,-1.5583810806274414,-0.6208810806274414,False,True
3230,humaneval_HumanEval/144:4:0:1,real,humaneval,84e4011abca02fab7306fed8d9af5853a4d18ce753f4d048672e686721bb8235,False,False,reverse,0.2,-1.5656216144561768,-0.6281216740608215,False,True
3230,humaneval_HumanEval/144:4:0:1,real,humaneval,84e4011abca02fab7306fed8d9af5853a4d18ce753f4d048672e686721bb8235,False,False,reverse,0.4,-1.6408662796020508,-0.5783663392066956,False,True
3230,humaneval_HumanEval/144:4:0:1,real,humaneval,84e4011abca02fab7306fed8d9af5853a4d18ce753f4d048672e686721bb8235,False,False,random,0.02,-1.5593206882476807,-0.6218206882476807,False,True
3230,humaneval_HumanEval/144:4:0:1,real,humaneval,84e4011abca02fab7306fed8d9af5853a4d18ce753f4d048672e686721bb8235,False,False,random,0.05,-1.5453181266784668,-0.607818067073822,False,True
3230,humaneval_HumanEval/144:4:0:1,real,humaneval,84e4011abca02fab7306fed8d9af5853a4d18ce753f4d048672e686721bb8235,False,False,random,0.1,-1.5592103004455566,-0.6217103004455566,False,True
3230,humaneval_HumanEval/144:4:0:1,real,humaneval,84e4011abca02fab7306fed8d9af5853a4d18ce753f4d048672e686721bb8235,False,False,random,0.2,-1.548471212387085,-0.610971212387085,False,True
3230,humaneval_HumanEval/144:4:0:1,real,humaneval,84e4011abca02fab7306fed8d9af5853a4d18ce753f4d048672e686721bb8235,False,False,random,0.4,-1.5587692260742188,-0.6212692260742188,False,True
3230,humaneval_HumanEval/144:4:0:1,real,humaneval,84e4011abca02fab7306fed8d9af5853a4d18ce753f4d048672e686721bb8235,False,False,shuffled,0.02,-1.5945360660552979,-0.5945360660552979,False,True
3230,humaneval_HumanEval/144:4:0:1,real,humaneval,84e4011abca02fab7306fed8d9af5853a4d18ce753f4d048672e686721bb8235,False,False,shuffled,0.05,-1.5945184230804443,-0.5945184826850891,False,True
3230,humaneval_HumanEval/144:4:0:1,real,humaneval,84e4011abca02fab7306fed8d9af5853a4d18ce753f4d048672e686721bb8235,False,False,shuffled,0.1,-1.5525482892990112,-0.6150482892990112,False,True
3230,humaneval_HumanEval/144:4:0:1,real,humaneval,84e4011abca02fab7306fed8d9af5853a4d18ce753f4d048672e686721bb8235,False,False,shuffled,0.2,-1.5510984659194946,-0.6135984659194946,False,True
3230,humaneval_HumanEval/144:4:0:1,real,humaneval,84e4011abca02fab7306fed8d9af5853a4d18ce753f4d048672e686721bb8235,False,False,shuffled,0.4,-1.5542110204696655,-0.6167110204696655,False,True
3230,humaneval_HumanEval/144:4:0:1,real,humaneval,84e4011abca02fab7306fed8d9af5853a4d18ce753f4d048672e686721bb8235,False,False,wrong_site,0.02,-1.5950255393981934,-0.5950255393981934,False,True
3230,humaneval_HumanEval/144:4:0:1,real,humaneval,84e4011abca02fab7306fed8d9af5853a4d18ce753f4d048672e686721bb8235,False,False,wrong_site,0.05,-1.5606443881988525,-0.6231443285942078,False,True
3230,humaneval_HumanEval/144:4:0:1,real,humaneval,84e4011abca02fab7306fed8d9af5853a4d18ce753f4d048672e686721bb8235,False,False,wrong_site,0.1,-1.56044340133667,-0.6229434609413147,False,True
3230,humaneval_HumanEval/144:4:0:1,real,humaneval,84e4011abca02fab7306fed8d9af5853a4d18ce753f4d048672e686721bb8235,False,False,wrong_site,0.2,-1.5507512092590332,-0.6132512092590332,False,True
3230,humaneval_HumanEval/144:4:0:1,real,humaneval,84e4011abca02fab7306fed8d9af5853a4d18ce753f4d048672e686721bb8235,False,False,wrong_site,0.4,-1.552674651145935,-0.6151746511459351,False,True
3230,humaneval_HumanEval/144:4:0:1,real,humaneval,84e4011abca02fab7306fed8d9af5853a4d18ce753f4d048672e686721bb8235,False,False,answer_site,0.02,-1.5955561399459839,-0.5955561399459839,False,True
3230,humaneval_HumanEval/144:4:0:1,real,humaneval,84e4011abca02fab7306fed8d9af5853a4d18ce753f4d048672e686721bb8235,False,False,answer_site,0.05,-1.6098339557647705,-0.6098339557647705,False,True
3230,humaneval_HumanEval/144:4:0:1,real,humaneval,84e4011abca02fab7306fed8d9af5853a4d18ce753f4d048672e686721bb8235,False,False,answer_site,0.1,-1.646573543548584,-0.6465734839439392,False,True
3230,humaneval_HumanEval/144:4:0:1,real,humaneval,84e4011abca02fab7306fed8d9af5853a4d18ce753f4d048672e686721bb8235,False,False,answer_site,0.2,-1.8248484134674072,-0.887348473072052,False,True
3230,humaneval_HumanEval/144:4:0:1,real,humaneval,84e4011abca02fab7306fed8d9af5853a4d18ce753f4d048672e686721bb8235,False,False,answer_site,0.4,-6.086057662963867,-5.804807662963867,False,False
3230,humaneval_HumanEval/144:4:0:1,real,humaneval,84e4011abca02fab7306fed8d9af5853a4d18ce753f4d048672e686721bb8235,False,False,actuator_cond,0.02,-1.5945020914077759,-0.5945020914077759,False,True
3230,humaneval_HumanEval/144:4:0:1,real,humaneval,84e4011abca02fab7306fed8d9af5853a4d18ce753f4d048672e686721bb8235,False,False,actuator_cond,0.05,-1.5601677894592285,-0.6226677894592285,False,True
3230,humaneval_HumanEval/144:4:0:1,real,humaneval,84e4011abca02fab7306fed8d9af5853a4d18ce753f4d048672e686721bb8235,False,False,actuator_cond,0.1,-1.5524195432662964,-0.6149195432662964,False,True
3230,humaneval_HumanEval/144:4:0:1,real,humaneval,84e4011abca02fab7306fed8d9af5853a4d18ce753f4d048672e686721bb8235,False,False,actuator_cond,0.2,-1.4447072744369507,-0.6947072744369507,False,True
3230,humaneval_HumanEval/144:4:0:1,real,humaneval,84e4011abca02fab7306fed8d9af5853a4d18ce753f4d048672e686721bb8235,False,False,actuator_cond,0.4,-1.2467591762542725,-0.8092591762542725,False,True
3230,humaneval_HumanEval/144:4:0:1,real,humaneval,84e4011abca02fab7306fed8d9af5853a4d18ce753f4d048672e686721bb8235,False,False,actuator_answer,0.02,-3.021843910217285,-0.2718437910079956,False,True
3230,humaneval_HumanEval/144:4:0:1,real,humaneval,84e4011abca02fab7306fed8d9af5853a4d18ce753f4d048672e686721bb8235,False,False,actuator_answer,0.05,-5.80773401260376,-0.12023415416479111,False,True
3230,humaneval_HumanEval/144:4:0:1,real,humaneval,84e4011abca02fab7306fed8d9af5853a4d18ce753f4d048672e686721bb8235,False,False,actuator_answer,0.1,-11.068730354309082,-0.03748065605759621,False,True
3230,humaneval_HumanEval/144:4:0:1,real,humaneval,84e4011abca02fab7306fed8d9af5853a4d18ce753f4d048672e686721bb8235,False,False,actuator_answer,0.2,-23.97174072265625,-0.0029900625813752413,False,True
3230,humaneval_HumanEval/144:4:0:1,real,humaneval,84e4011abca02fab7306fed8d9af5853a4d18ce753f4d048672e686721bb8235,False,False,actuator_answer,0.4,-63.009464263916016,-0.009465930983424187,False,True
3231,humaneval_HumanEval/144:4:0:2,real,humaneval,84e4011abca02fab7306fed8d9af5853a4d18ce753f4d048672e686721bb8235,False,False,baseline,0.0,-1.5794432163238525,-0.5794431567192078,False,True
3231,humaneval_HumanEval/144:4:0:2,real,humaneval,84e4011abca02fab7306fed8d9af5853a4d18ce753f4d048672e686721bb8235,False,False,semantic,0.02,-1.5801589488983154,-0.5801589488983154,False,True
3231,humaneval_HumanEval/144:4:0:2,real,humaneval,84e4011abca02fab7306fed8d9af5853a4d18ce753f4d048672e686721bb8235,False,False,semantic,0.05,-1.5792722702026367,-0.5792722105979919,False,True
3231,humaneval_HumanEval/144:4:0:2,real,humaneval,84e4011abca02fab7306fed8d9af5853a4d18ce753f4d048672e686721bb8235,False,False,semantic,0.1,-1.5733020305633545,-0.5733019709587097,False,True
3231,humaneval_HumanEval/144:4:0:2,real,humaneval,84e4011abca02fab7306fed8d9af5853a4d18ce753f4d048672e686721bb8235,False,False,semantic,0.2,-1.531188726425171,-0.5936887264251709,False,True
3231,humaneval_HumanEval/144:4:0:2,real,humaneval,84e4011abca02fab7306fed8d9af5853a4d18ce753f4d048672e686721bb8235,False,False,semantic,0.4,-1.534407138824463,-0.5969071984291077,False,True
3231,humaneval_HumanEval/144:4:0:2,real,humaneval,84e4011abca02fab7306fed8d9af5853a4d18ce753f4d048672e686721bb8235,False,False,reverse,0.02,-1.576400876045227,-0.576400876045227,False,True
3231,humaneval_HumanEval/144:4:0:2,real,humaneval,84e4011abca02fab7306fed8d9af5853a4d18ce753f4d048672e686721bb8235,False,False,reverse,0.05,-1.5812034606933594,-0.5812034606933594,False,True
3231,humaneval_HumanEval/144:4:0:2,real,humaneval,84e4011abca02fab7306fed8d9af5853a4d18ce753f4d048672e686721bb8235,False,False,reverse,0.1,-1.5815876722335815,-0.5815876722335815,False,True
3231,humaneval_HumanEval/144:4:0:2,real,humaneval,84e4011abca02fab7306fed8d9af5853a4d18ce753f4d048672e686721bb8235,False,False,reverse,0.2,-1.5901169776916504,-0.5901169776916504,False,True
3231,humaneval_HumanEval/144:4:0:2,real,humaneval,84e4011abca02fab7306fed8d9af5853a4d18ce753f4d048672e686721bb8235,False,False,reverse,0.4,-1.670653223991394,-0.545653223991394,False,True
3231,humaneval_HumanEval/144:4:0:2,real,humaneval,84e4011abca02fab7306fed8d9af5853a4d18ce753f4d048672e686721bb8235,False,False,random,0.02,-1.5773332118988037,-0.5773331522941589,False,True
3231,humaneval_HumanEval/144:4:0:2,real,humaneval,84e4011abca02fab7306fed8d9af5853a4d18ce753f4d048672e686721bb8235,False,False,random,0.05,-1.5770580768585205,-0.5770581364631653,False,True
3231,humaneval_HumanEval/144:4:0:2,real,humaneval,84e4011abca02fab7306fed8d9af5853a4d18ce753f4d048672e686721bb8235,False,False,random,0.1,-1.5753121376037598,-0.5753121972084045,False,True
3231,humaneval_HumanEval/144:4:0:2,real,humaneval,84e4011abca02fab7306fed8d9af5853a4d18ce753f4d048672e686721bb8235,False,False,random,0.2,-1.5342353582382202,-0.5967353582382202,False,True
3231,humaneval_HumanEval/144:4:0:2,real,humaneval,84e4011abca02fab7306fed8d9af5853a4d18ce753f4d048672e686721bb8235,False,False,random,0.4,-1.5827091932296753,-0.5827091932296753,False,True
3231,humaneval_HumanEval/144:4:0:2,real,humaneval,84e4011abca02fab7306fed8d9af5853a4d18ce753f4d048672e686721bb8235,False,False,shuffled,0.02,-1.5750877857208252,-0.5750877857208252,False,True
3231,humaneval_HumanEval/144:4:0:2,real,humaneval,84e4011abca02fab7306fed8d9af5853a4d18ce753f4d048672e686721bb8235,False,False,shuffled,0.05,-1.5813261270523071,-0.5813261270523071,False,True
3231,humaneval_HumanEval/144:4:0:2,real,humaneval,84e4011abca02fab7306fed8d9af5853a4d18ce753f4d048672e686721bb8235,False,False,shuffled,0.1,-1.537301778793335,-0.599801778793335,False,True
3231,humaneval_HumanEval/144:4:0:2,real,humaneval,84e4011abca02fab7306fed8d9af5853a4d18ce753f4d048672e686721bb8235,False,False,shuffled,0.2,-1.5818909406661987,-0.5818909406661987,False,True
3231,humaneval_HumanEval/144:4:0:2,real,humaneval,84e4011abca02fab7306fed8d9af5853a4d18ce753f4d048672e686721bb8235,False,False,shuffled,0.4,-1.57206130027771,-0.5720612406730652,False,True
3231,humaneval_HumanEval/144:4:0:2,real,humaneval,84e4011abca02fab7306fed8d9af5853a4d18ce753f4d048672e686721bb8235,False,False,wrong_site,0.02,-1.5759154558181763,-0.5759154558181763,False,True
3231,humaneval_HumanEval/144:4:0:2,real,humaneval,84e4011abca02fab7306fed8d9af5853a4d18ce753f4d048672e686721bb8235,False,False,wrong_site,0.05,-1.575770378112793,-0.575770378112793,False,True
3231,humaneval_HumanEval/144:4:0:2,real,humaneval,84e4011abca02fab7306fed8d9af5853a4d18ce753f4d048672e686721bb8235,False,False,wrong_site,0.1,-1.575439453125,-0.5754393935203552,False,True
3231,humaneval_HumanEval/144:4:0:2,real,humaneval,84e4011abca02fab7306fed8d9af5853a4d18ce753f4d048672e686721bb8235,False,False,wrong_site,0.2,-1.5750598907470703,-0.5750598907470703,False,True
3231,humaneval_HumanEval/144:4:0:2,real,humaneval,84e4011abca02fab7306fed8d9af5853a4d18ce753f4d048672e686721bb8235,False,False,wrong_site,0.4,-1.5805370807647705,-0.5805370211601257,False,True
3231,humaneval_HumanEval/144:4:0:2,real,humaneval,84e4011abca02fab7306fed8d9af5853a4d18ce753f4d048672e686721bb8235,False,False,answer_site,0.02,-1.5763641595840454,-0.5763641595840454,False,True
3231,humaneval_HumanEval/144:4:0:2,real,humaneval,84e4011abca02fab7306fed8d9af5853a4d18ce753f4d048672e686721bb8235,False,False,answer_site,0.05,-1.5817030668258667,-0.5817030668258667,False,True
3231,humaneval_HumanEval/144:4:0:2,real,humaneval,84e4011abca02fab7306fed8d9af5853a4d18ce753f4d048672e686721bb8235,False,False,answer_site,0.1,-1.618110179901123,-0.618110179901123,False,True
3231,humaneval_HumanEval/144:4:0:2,real,humaneval,84e4011abca02fab7306fed8d9af5853a4d18ce753f4d048672e686721bb8235,False,False,answer_site,0.2,-1.8181123733520508,-0.8181124329566956,False,True
3231,humaneval_HumanEval/144:4:0:2,real,humaneval,84e4011abca02fab7306fed8d9af5853a4d18ce753f4d048672e686721bb8235,False,False,answer_site,0.4,-6.019305229187012,-5.675555229187012,False,False
3231,humaneval_HumanEval/144:4:0:2,real,humaneval,84e4011abca02fab7306fed8d9af5853a4d18ce753f4d048672e686721bb8235,False,False,actuator_cond,0.02,-1.5443960428237915,-0.6068960428237915,False,True
3231,humaneval_HumanEval/144:4:0:2,real,humaneval,84e4011abca02fab7306fed8d9af5853a4d18ce753f4d048672e686721bb8235,False,False,actuator_cond,0.05,-1.5379481315612793,-0.6004481315612793,False,True
3231,humaneval_HumanEval/144:4:0:2,real,humaneval,84e4011abca02fab7306fed8d9af5853a4d18ce753f4d048672e686721bb8235,False,False,actuator_cond,0.1,-1.542022943496704,-0.6045229434967041,False,True
3231,humaneval_HumanEval/144:4:0:2,real,humaneval,84e4011abca02fab7306fed8d9af5853a4d18ce753f4d048672e686721bb8235,False,False,actuator_cond,0.2,-1.451553225517273,-0.639053225517273,False,True
3231,humaneval_HumanEval/144:4:0:2,real,humaneval,84e4011abca02fab7306fed8d9af5853a4d18ce753f4d048672e686721bb8235,False,False,actuator_cond,0.4,-1.2288198471069336,-0.7913198471069336,False,True
3231,humaneval_HumanEval/144:4:0:2,real,humaneval,84e4011abca02fab7306fed8d9af5853a4d18ce753f4d048672e686721bb8235,False,False,actuator_answer,0.02,-3.0127007961273193,-0.2627008855342865,False,True
3231,humaneval_HumanEval/144:4:0:2,real,humaneval,84e4011abca02fab7306fed8d9af5853a4d18ce753f4d048672e686721bb8235,False,False,actuator_answer,0.05,-5.79796028137207,-0.11046025902032852,False,True
3231,humaneval_HumanEval/144:4:0:2,real,humaneval,84e4011abca02fab7306fed8d9af5853a4d18ce753f4d048672e686721bb8235,False,False,actuator_answer,0.1,-11.067344665527344,-0.03609469160437584,False,True
3231,humaneval_HumanEval/144:4:0:2,real,humaneval,84e4011abca02fab7306fed8d9af5853a4d18ce753f4d048672e686721bb8235,False,False,actuator_answer,0.2,-23.940269470214844,-0.002769684186205268,False,True
3231,humaneval_HumanEval/144:4:0:2,real,humaneval,84e4011abca02fab7306fed8d9af5853a4d18ce753f4d048672e686721bb8235,False,False,actuator_answer,0.4,-63.133270263671875,-0.00826982967555523,False,True
3232,humaneval_HumanEval/150:2:0:0,real,humaneval,d8e5b04576d26a538e4ea07d2b5a8bd45dc6d8e2f1aba74cb6c14aae824e1f5e,False,False,baseline,0.0,-1.0822893381118774,-1.9003498554229736,True,False
3232,humaneval_HumanEval/150:2:0:0,real,humaneval,d8e5b04576d26a538e4ea07d2b5a8bd45dc6d8e2f1aba74cb6c14aae824e1f5e,False,False,semantic,0.02,-1.0617117881774902,-1.9045971632003784,True,False
3232,humaneval_HumanEval/150:2:0:0,real,humaneval,d8e5b04576d26a538e4ea07d2b5a8bd45dc6d8e2f1aba74cb6c14aae824e1f5e,False,False,semantic,0.05,-1.084345817565918,-1.9116401672363281,True,False
3232,humaneval_HumanEval/150:2:0:0,real,humaneval,d8e5b04576d26a538e4ea07d2b5a8bd45dc6d8e2f1aba74cb6c14aae824e1f5e,False,False,semantic,0.1,-1.0472710132598877,-1.9124691486358643,True,False
3232,humaneval_HumanEval/150:2:0:0,real,humaneval,d8e5b04576d26a538e4ea07d2b5a8bd45dc6d8e2f1aba74cb6c14aae824e1f5e,False,False,semantic,0.2,-1.0597500801086426,-1.8937439918518066,True,False
3232,humaneval_HumanEval/150:2:0:0,real,humaneval,d8e5b04576d26a538e4ea07d2b5a8bd45dc6d8e2f1aba74cb6c14aae824e1f5e,False,False,semantic,0.4,-1.0678822994232178,-1.8946009874343872,True,False
3232,humaneval_HumanEval/150:2:0:0,real,humaneval,d8e5b04576d26a538e4ea07d2b5a8bd45dc6d8e2f1aba74cb6c14aae824e1f5e,False,False,reverse,0.02,-1.0939077138900757,-1.9125664234161377,True,False
3232,humaneval_HumanEval/150:2:0:0,real,humaneval,d8e5b04576d26a538e4ea07d2b5a8bd45dc6d8e2f1aba74cb6c14aae824e1f5e,False,False,reverse,0.05,-1.0817975997924805,-1.9002492427825928,True,False
3232,humaneval_HumanEval/150:2:0:0,real,humaneval,d8e5b04576d26a538e4ea07d2b5a8bd45dc6d8e2f1aba74cb6c14aae824e1f5e,False,False,reverse,0.1,-1.1099947690963745,-1.9925017356872559,True,False
3232,humaneval_HumanEval/150:2:0:0,real,humaneval,d8e5b04576d26a538e4ea07d2b5a8bd45dc6d8e2f1aba74cb6c14aae824e1f5e,False,False,reverse,0.2,-1.0944242477416992,-2.058105707168579,True,False
3232,humaneval_HumanEval/150:2:0:0,real,humaneval,d8e5b04576d26a538e4ea07d2b5a8bd45dc6d8e2f1aba74cb6c14aae824e1f5e,False,False,reverse,0.4,-1.0524399280548096,-1.9281134605407715,True,False
3232,humaneval_HumanEval/150:2:0:0,real,humaneval,d8e5b04576d26a538e4ea07d2b5a8bd45dc6d8e2f1aba74cb6c14aae824e1f5e,False,False,random,0.02,-1.081920862197876,-1.9014654159545898,True,False
3232,humaneval_HumanEval/150:2:0:0,real,humaneval,d8e5b04576d26a538e4ea07d2b5a8bd45dc6d8e2f1aba74cb6c14aae824e1f5e,False,False,random,0.05,-1.0602272748947144,-1.9125454425811768,True,False
3232,humaneval_HumanEval/150:2:0:0,real,humaneval,d8e5b04576d26a538e4ea07d2b5a8bd45dc6d8e2f1aba74cb6c14aae824e1f5e,False,False,random,0.1,-1.0927188396453857,-1.9263486862182617,True,False
3232,humaneval_HumanEval/150:2:0:0,real,humaneval,d8e5b04576d26a538e4ea07d2b5a8bd45dc6d8e2f1aba74cb6c14aae824e1f5e,False,False,random,0.2,-1.0373830795288086,-1.9036834239959717,True,False
3232,humaneval_HumanEval/150:2:0:0,real,humaneval,d8e5b04576d26a538e4ea07d2b5a8bd45dc6d8e2f1aba74cb6c14aae824e1f5e,False,False,random,0.4,-1.0051581859588623,-2.000800848007202,True,False
3232,humaneval_HumanEval/150:2:0:0,real,humaneval,d8e5b04576d26a538e4ea07d2b5a8bd45dc6d8e2f1aba74cb6c14aae824e1f5e,False,False,shuffled,0.02,-1.0984832048416138,-1.9243676662445068,True,False
3232,humaneval_HumanEval/150:2:0:0,real,humaneval,d8e5b04576d26a538e4ea07d2b5a8bd45dc6d8e2f1aba74cb6c14aae824e1f5e,False,False,shuffled,0.05,-1.096519947052002,-1.9341228008270264,True,False
3232,humaneval_HumanEval/150:2:0:0,real,humaneval,d8e5b04576d26a538e4ea07d2b5a8bd45dc6d8e2f1aba74cb6c14aae824e1f5e,False,False,shuffled,0.1,-1.070481300354004,-1.8889498710632324,True,False
3232,humaneval_HumanEval/150:2:0:0,real,humaneval,d8e5b04576d26a538e4ea07d2b5a8bd45dc6d8e2f1aba74cb6c14aae824e1f5e,False,False,shuffled,0.2,-1.080228328704834,-1.9129351377487183,True,False
3232,humaneval_HumanEval/150:2:0:0,real,humaneval,d8e5b04576d26a538e4ea07d2b5a8bd45dc6d8e2f1aba74cb6c14aae824e1f5e,False,False,shuffled,0.4,-1.0497334003448486,-1.8455429077148438,True,False
3232,humaneval_HumanEval/150:2:0:0,real,humaneval,d8e5b04576d26a538e4ea07d2b5a8bd45dc6d8e2f1aba74cb6c14aae824e1f5e,False,False,wrong_site,0.02,-1.0905600786209106,-1.9240150451660156,True,False
3232,humaneval_HumanEval/150:2:0:0,real,humaneval,d8e5b04576d26a538e4ea07d2b5a8bd45dc6d8e2f1aba74cb6c14aae824e1f5e,False,False,wrong_site,0.05,-1.0827467441558838,-1.901442289352417,True,False
3232,humaneval_HumanEval/150:2:0:0,real,humaneval,d8e5b04576d26a538e4ea07d2b5a8bd45dc6d8e2f1aba74cb6c14aae824e1f5e,False,False,wrong_site,0.1,-1.090024471282959,-1.9267237186431885,True,False
3232,humaneval_HumanEval/150:2:0:0,real,humaneval,d8e5b04576d26a538e4ea07d2b5a8bd45dc6d8e2f1aba74cb6c14aae824e1f5e,False,False,wrong_site,0.2,-1.0940536260604858,-1.912165641784668,True,False
3232,humaneval_HumanEval/150:2:0:0,real,humaneval,d8e5b04576d26a538e4ea07d2b5a8bd45dc6d8e2f1aba74cb6c14aae824e1f5e,False,False,wrong_site,0.4,-1.028878092765808,-1.9803773164749146,True,False
3232,humaneval_HumanEval/150:2:0:0,real,humaneval,d8e5b04576d26a538e4ea07d2b5a8bd45dc6d8e2f1aba74cb6c14aae824e1f5e,False,False,answer_site,0.02,-1.0643911361694336,-1.8981642723083496,True,False
3232,humaneval_HumanEval/150:2:0:0,real,humaneval,d8e5b04576d26a538e4ea07d2b5a8bd45dc6d8e2f1aba74cb6c14aae824e1f5e,False,False,answer_site,0.05,-1.0419988632202148,-1.8773529529571533,True,False
3232,humaneval_HumanEval/150:2:0:0,real,humaneval,d8e5b04576d26a538e4ea07d2b5a8bd45dc6d8e2f1aba74cb6c14aae824e1f5e,False,False,answer_site,0.1,-1.0534725189208984,-1.876819372177124,True,False
3232,humaneval_HumanEval/150:2:0:0,real,humaneval,d8e5b04576d26a538e4ea07d2b5a8bd45dc6d8e2f1aba74cb6c14aae824e1f5e,False,False,answer_site,0.2,-1.1321969032287598,-1.7526335716247559,True,False
3232,humaneval_HumanEval/150:2:0:0,real,humaneval,d8e5b04576d26a538e4ea07d2b5a8bd45dc6d8e2f1aba74cb6c14aae824e1f5e,False,False,answer_site,0.4,-1.0869194269180298,-1.9777741432189941,True,False
3232,humaneval_HumanEval/150:2:0:0,real,humaneval,d8e5b04576d26a538e4ea07d2b5a8bd45dc6d8e2f1aba74cb6c14aae824e1f5e,False,False,actuator_cond,0.02,-1.094106674194336,-1.928399682044983,True,False
3232,humaneval_HumanEval/150:2:0:0,real,humaneval,d8e5b04576d26a538e4ea07d2b5a8bd45dc6d8e2f1aba74cb6c14aae824e1f5e,False,False,actuator_cond,0.05,-1.0965582132339478,-1.9129140377044678,True,False
3232,humaneval_HumanEval/150:2:0:0,real,humaneval,d8e5b04576d26a538e4ea07d2b5a8bd45dc6d8e2f1aba74cb6c14aae824e1f5e,False,False,actuator_cond,0.1,-1.1003031730651855,-1.9281892776489258,True,False
3232,humaneval_HumanEval/150:2:0:0,real,humaneval,d8e5b04576d26a538e4ea07d2b5a8bd45dc6d8e2f1aba74cb6c14aae824e1f5e,False,False,actuator_cond,0.2,-1.0964637994766235,-1.923471212387085,True,False
3232,humaneval_HumanEval/150:2:0:0,real,humaneval,d8e5b04576d26a538e4ea07d2b5a8bd45dc6d8e2f1aba74cb6c14aae824e1f5e,False,False,actuator_cond,0.4,-0.9679793119430542,-2.22332763671875,True,False
3232,humaneval_HumanEval/150:2:0:0,real,humaneval,d8e5b04576d26a538e4ea07d2b5a8bd45dc6d8e2f1aba74cb6c14aae824e1f5e,False,False,actuator_answer,0.02,-1.2163852453231812,-1.6474119424819946,True,False
3232,humaneval_HumanEval/150:2:0:0,real,humaneval,d8e5b04576d26a538e4ea07d2b5a8bd45dc6d8e2f1aba74cb6c14aae824e1f5e,False,False,actuator_answer,0.05,-1.4157851934432983,-1.2945469617843628,False,True
3232,humaneval_HumanEval/150:2:0:0,real,humaneval,d8e5b04576d26a538e4ea07d2b5a8bd45dc6d8e2f1aba74cb6c14aae824e1f5e,False,False,actuator_answer,0.1,-1.993860125541687,-0.9440386295318604,False,True
3232,humaneval_HumanEval/150:2:0:0,real,humaneval,d8e5b04576d26a538e4ea07d2b5a8bd45dc6d8e2f1aba74cb6c14aae824e1f5e,False,False,actuator_answer,0.2,-3.6313414573669434,-0.8201972246170044,False,True
3232,humaneval_HumanEval/150:2:0:0,real,humaneval,d8e5b04576d26a538e4ea07d2b5a8bd45dc6d8e2f1aba74cb6c14aae824e1f5e,False,False,actuator_answer,0.4,-8.025077819824219,-1.0686662197113037,False,True
3233,humaneval_HumanEval/150:2:0:1,real,humaneval,d8e5b04576d26a538e4ea07d2b5a8bd45dc6d8e2f1aba74cb6c14aae824e1f5e,True,False,baseline,0.0,-1.333703875541687,-1.2152483463287354,False,True
3233,humaneval_HumanEval/150:2:0:1,real,humaneval,d8e5b04576d26a538e4ea07d2b5a8bd45dc6d8e2f1aba74cb6c14aae824e1f5e,True,False,semantic,0.02,-1.3779160976409912,-1.200234293937683,False,True
3233,humaneval_HumanEval/150:2:0:1,real,humaneval,d8e5b04576d26a538e4ea07d2b5a8bd45dc6d8e2f1aba74cb6c14aae824e1f5e,True,False,semantic,0.05,-1.4009408950805664,-1.22446870803833,False,True
3233,humaneval_HumanEval/150:2:0:1,real,humaneval,d8e5b04576d26a538e4ea07d2b5a8bd45dc6d8e2f1aba74cb6c14aae824e1f5e,True,False,semantic,0.1,-1.3885502815246582,-1.2358157634735107,False,True
3233,humaneval_HumanEval/150:2:0:1,real,humaneval,d8e5b04576d26a538e4ea07d2b5a8bd45dc6d8e2f1aba74cb6c14aae824e1f5e,True,False,semantic,0.2,-1.3930332660675049,-1.2605613470077515,False,True
3233,humaneval_HumanEval/150:2:0:1,real,humaneval,d8e5b04576d26a538e4ea07d2b5a8bd45dc6d8e2f1aba74cb6c14aae824e1f5e,True,False,semantic,0.4,-1.2811263799667358,-1.248525619506836,True,False
3233,humaneval_HumanEval/150:2:0:1,real,humaneval,d8e5b04576d26a538e4ea07d2b5a8bd45dc6d8e2f1aba74cb6c14aae824e1f5e,True,False,reverse,0.02,-1.3370290994644165,-1.1822866201400757,False,True
3233,humaneval_HumanEval/150:2:0:1,real,humaneval,d8e5b04576d26a538e4ea07d2b5a8bd45dc6d8e2f1aba74cb6c14aae824e1f5e,True,False,reverse,0.05,-1.3241539001464844,-1.1831024885177612,False,True
3233,humaneval_HumanEval/150:2:0:1,real,humaneval,d8e5b04576d26a538e4ea07d2b5a8bd45dc6d8e2f1aba74cb6c14aae824e1f5e,True,False,reverse,0.1,-1.3139164447784424,-1.1925063133239746,False,True
3233,humaneval_HumanEval/150:2:0:1,real,humaneval,d8e5b04576d26a538e4ea07d2b5a8bd45dc6d8e2f1aba74cb6c14aae824e1f5e,True,False,reverse,0.2,-1.334965705871582,-1.1775916814804077,False,True
3233,humaneval_HumanEval/150:2:0:1,real,humaneval,d8e5b04576d26a538e4ea07d2b5a8bd45dc6d8e2f1aba74cb6c14aae824e1f5e,True,False,reverse,0.4,-1.3081684112548828,-1.166943073272705,False,True
3233,humaneval_HumanEval/150:2:0:1,real,humaneval,d8e5b04576d26a538e4ea07d2b5a8bd45dc6d8e2f1aba74cb6c14aae824e1f5e,True,False,random,0.02,-1.3796823024749756,-1.2254300117492676,False,True
3233,humaneval_HumanEval/150:2:0:1,real,humaneval,d8e5b04576d26a538e4ea07d2b5a8bd45dc6d8e2f1aba74cb6c14aae824e1f5e,True,False,random,0.05,-1.3419530391693115,-1.201194167137146,False,True
3233,humaneval_HumanEval/150:2:0:1,real,humaneval,d8e5b04576d26a538e4ea07d2b5a8bd45dc6d8e2f1aba74cb6c14aae824e1f5e,True,False,random,0.1,-1.377769112586975,-1.2225953340530396,False,True
3233,humaneval_HumanEval/150:2:0:1,real,humaneval,d8e5b04576d26a538e4ea07d2b5a8bd45dc6d8e2f1aba74cb6c14aae824e1f5e,True,False,random,0.2,-1.3413236141204834,-1.223402738571167,False,True
3233,humaneval_HumanEval/150:2:0:1,real,humaneval,d8e5b04576d26a538e4ea07d2b5a8bd45dc6d8e2f1aba74cb6c14aae824e1f5e,True,False,random,0.4,-1.3045167922973633,-1.1812236309051514,False,True
3233,humaneval_HumanEval/150:2:0:1,real,humaneval,d8e5b04576d26a538e4ea07d2b5a8bd45dc6d8e2f1aba74cb6c14aae824e1f5e,True,False,shuffled,0.02,-1.333733320236206,-1.1928658485412598,False,True
3233,humaneval_HumanEval/150:2:0:1,real,humaneval,d8e5b04576d26a538e4ea07d2b5a8bd45dc6d8e2f1aba74cb6c14aae824e1f5e,True,False,shuffled,0.05,-1.3782331943511963,-1.2018717527389526,False,True
3233,humaneval_HumanEval/150:2:0:1,real,humaneval,d8e5b04576d26a538e4ea07d2b5a8bd45dc6d8e2f1aba74cb6c14aae824e1f5e,True,False,shuffled,0.1,-1.400555968284607,-1.246457815170288,False,True
3233,humaneval_HumanEval/150:2:0:1,real,humaneval,d8e5b04576d26a538e4ea07d2b5a8bd45dc6d8e2f1aba74cb6c14aae824e1f5e,True,False,shuffled,0.2,-1.3705320358276367,-1.1941988468170166,False,True
3233,humaneval_HumanEval/150:2:0:1,real,humaneval,d8e5b04576d26a538e4ea07d2b5a8bd45dc6d8e2f1aba74cb6c14aae824e1f5e,True,False,shuffled,0.4,-1.327939510345459,-1.1755175590515137,False,True
3233,humaneval_HumanEval/150:2:0:1,real,humaneval,d8e5b04576d26a538e4ea07d2b5a8bd45dc6d8e2f1aba74cb6c14aae824e1f5e,True,False,wrong_site,0.02,-1.342261791229248,-1.2011964321136475,False,True
3233,humaneval_HumanEval/150:2:0:1,real,humaneval,d8e5b04576d26a538e4ea07d2b5a8bd45dc6d8e2f1aba74cb6c14aae824e1f5e,True,False,wrong_site,0.05,-1.34173583984375,-1.219984769821167,False,True
3233,humaneval_HumanEval/150:2:0:1,real,humaneval,d8e5b04576d26a538e4ea07d2b5a8bd45dc6d8e2f1aba74cb6c14aae824e1f5e,True,False,wrong_site,0.1,-1.342164397239685,-1.2207846641540527,False,True
3233,humaneval_HumanEval/150:2:0:1,real,humaneval,d8e5b04576d26a538e4ea07d2b5a8bd45dc6d8e2f1aba74cb6c14aae824e1f5e,True,False,wrong_site,0.2,-1.379730463027954,-1.202657699584961,False,True
3233,humaneval_HumanEval/150:2:0:1,real,humaneval,d8e5b04576d26a538e4ea07d2b5a8bd45dc6d8e2f1aba74cb6c14aae824e1f5e,True,False,wrong_site,0.4,-1.3025637865066528,-1.2520437240600586,True,False
3233,humaneval_HumanEval/150:2:0:1,real,humaneval,d8e5b04576d26a538e4ea07d2b5a8bd45dc6d8e2f1aba74cb6c14aae824e1f5e,True,False,answer_site,0.02,-1.364412546157837,-1.22867751121521,False,True
3233,humaneval_HumanEval/150:2:0:1,real,humaneval,d8e5b04576d26a538e4ea07d2b5a8bd45dc6d8e2f1aba74cb6c14aae824e1f5e,True,False,answer_site,0.05,-1.4835542440414429,-1.2002172470092773,False,True
3233,humaneval_HumanEval/150:2:0:1,real,humaneval,d8e5b04576d26a538e4ea07d2b5a8bd45dc6d8e2f1aba74cb6c14aae824e1f5e,True,False,answer_site,0.1,-1.6622085571289062,-1.3700082302093506,False,True
3233,humaneval_HumanEval/150:2:0:1,real,humaneval,d8e5b04576d26a538e4ea07d2b5a8bd45dc6d8e2f1aba74cb6c14aae824e1f5e,True,False,answer_site,0.2,-2.752927780151367,-1.9376078844070435,False,False
3233,humaneval_HumanEval/150:2:0:1,real,humaneval,d8e5b04576d26a538e4ea07d2b5a8bd45dc6d8e2f1aba74cb6c14aae824e1f5e,True,False,answer_site,0.4,-6.00285530090332,-5.312163352966309,False,False
3233,humaneval_HumanEval/150:2:0:1,real,humaneval,d8e5b04576d26a538e4ea07d2b5a8bd45dc6d8e2f1aba74cb6c14aae824e1f5e,True,False,actuator_cond,0.02,-1.3596560955047607,-1.219249963760376,False,True
3233,humaneval_HumanEval/150:2:0:1,real,humaneval,d8e5b04576d26a538e4ea07d2b5a8bd45dc6d8e2f1aba74cb6c14aae824e1f5e,True,False,actuator_cond,0.05,-1.3383845090866089,-1.1919612884521484,False,True
3233,humaneval_HumanEval/150:2:0:1,real,humaneval,d8e5b04576d26a538e4ea07d2b5a8bd45dc6d8e2f1aba74cb6c14aae824e1f5e,True,False,actuator_cond,0.1,-1.303980827331543,-1.2018479108810425,False,True
3233,humaneval_HumanEval/150:2:0:1,real,humaneval,d8e5b04576d26a538e4ea07d2b5a8bd45dc6d8e2f1aba74cb6c14aae824e1f5e,True,False,actuator_cond,0.2,-1.254825234413147,-1.2583014965057373,True,False
3233,humaneval_HumanEval/150:2:0:1,real,humaneval,d8e5b04576d26a538e4ea07d2b5a8bd45dc6d8e2f1aba74cb6c14aae824e1f5e,True,False,actuator_cond,0.4,-1.1857569217681885,-1.4281386137008667,True,False
3233,humaneval_HumanEval/150:2:0:1,real,humaneval,d8e5b04576d26a538e4ea07d2b5a8bd45dc6d8e2f1aba74cb6c14aae824e1f5e,True,False,actuator_answer,0.02,-1.4793689250946045,-1.1011868715286255,False,True
3233,humaneval_HumanEval/150:2:0:1,real,humaneval,d8e5b04576d26a538e4ea07d2b5a8bd45dc6d8e2f1aba74cb6c14aae824e1f5e,True,False,actuator_answer,0.05,-1.8551087379455566,-0.9116193056106567,False,True
3233,humaneval_HumanEval/150:2:0:1,real,humaneval,d8e5b04576d26a538e4ea07d2b5a8bd45dc6d8e2f1aba74cb6c14aae824e1f5e,True,False,actuator_answer,0.1,-2.7267184257507324,-0.7327865958213806,False,True
3233,humaneval_HumanEval/150:2:0:1,real,humaneval,d8e5b04576d26a538e4ea07d2b5a8bd45dc6d8e2f1aba74cb6c14aae824e1f5e,True,False,actuator_answer,0.2,-5.249228000640869,-0.8188815116882324,False,True
3233,humaneval_HumanEval/150:2:0:1,real,humaneval,d8e5b04576d26a538e4ea07d2b5a8bd45dc6d8e2f1aba74cb6c14aae824e1f5e,True,False,actuator_answer,0.4,-13.706811904907227,-0.908522367477417,False,True
3234,humaneval_HumanEval/155:0:0:0,real,humaneval,28302aea92281abfe7fcead6703ffc48e8a09b5abf4f596c56aaa3badb687796,False,False,baseline,0.0,-3.786447763442993,-4.325787544250488,False,False
3234,humaneval_HumanEval/155:0:0:0,real,humaneval,28302aea92281abfe7fcead6703ffc48e8a09b5abf4f596c56aaa3badb687796,False,False,semantic,0.02,-3.6648151874542236,-4.321658611297607,False,False
3234,humaneval_HumanEval/155:0:0:0,real,humaneval,28302aea92281abfe7fcead6703ffc48e8a09b5abf4f596c56aaa3badb687796,False,False,semantic,0.05,-3.6959762573242188,-4.330198287963867,False,False
3234,humaneval_HumanEval/155:0:0:0,real,humaneval,28302aea92281abfe7fcead6703ffc48e8a09b5abf4f596c56aaa3badb687796,False,False,semantic,0.1,-3.8070106506347656,-4.3233184814453125,False,False
3234,humaneval_HumanEval/155:0:0:0,real,humaneval,28302aea92281abfe7fcead6703ffc48e8a09b5abf4f596c56aaa3badb687796,False,False,semantic,0.2,-3.6862549781799316,-4.344425201416016,False,False
3234,humaneval_HumanEval/155:0:0:0,real,humaneval,28302aea92281abfe7fcead6703ffc48e8a09b5abf4f596c56aaa3badb687796,False,False,semantic,0.4,-3.693873405456543,-4.2501702308654785,False,False
3234,humaneval_HumanEval/155:0:0:0,real,humaneval,28302aea92281abfe7fcead6703ffc48e8a09b5abf4f596c56aaa3badb687796,False,False,reverse,0.02,-3.6944735050201416,-4.25139045715332,False,False
3234,humaneval_HumanEval/155:0:0:0,real,humaneval,28302aea92281abfe7fcead6703ffc48e8a09b5abf4f596c56aaa3badb687796,False,False,reverse,0.05,-3.6919562816619873,-4.325657367706299,False,False
3234,humaneval_HumanEval/155:0:0:0,real,humaneval,28302aea92281abfe7fcead6703ffc48e8a09b5abf4f596c56aaa3badb687796,False,False,reverse,0.1,-3.7189621925354004,-4.252511501312256,False,False
3234,humaneval_HumanEval/155:0:0:0,real,humaneval,28302aea92281abfe7fcead6703ffc48e8a09b5abf4f596c56aaa3badb687796,False,False,reverse,0.2,-3.6761598587036133,-4.439988136291504,False,False
3234,humaneval_HumanEval/155:0:0:0,real,humaneval,28302aea92281abfe7fcead6703ffc48e8a09b5abf4f596c56aaa3badb687796,False,False,reverse,0.4,-3.576035499572754,-4.314072608947754,False,False
3234,humaneval_HumanEval/155:0:0:0,real,humaneval,28302aea92281abfe7fcead6703ffc48e8a09b5abf4f596c56aaa3badb687796,False,False,random,0.02,-3.688936233520508,-4.370362281799316,False,False
3234,humaneval_HumanEval/155:0:0:0,real,humaneval,28302aea92281abfe7fcead6703ffc48e8a09b5abf4f596c56aaa3badb687796,False,False,random,0.05,-3.7096574306488037,-4.3437700271606445,False,False
3234,humaneval_HumanEval/155:0:0:0,real,humaneval,28302aea92281abfe7fcead6703ffc48e8a09b5abf4f596c56aaa3badb687796,False,False,random,0.1,-3.684103012084961,-4.366473197937012,False,False
3234,humaneval_HumanEval/155:0:0:0,real,humaneval,28302aea92281abfe7fcead6703ffc48e8a09b5abf4f596c56aaa3badb687796,False,False,random,0.2,-3.6684670448303223,-4.348843574523926,False,False
3234,humaneval_HumanEval/155:0:0:0,real,humaneval,28302aea92281abfe7fcead6703ffc48e8a09b5abf4f596c56aaa3badb687796,False,False,random,0.4,-3.8160457611083984,-4.348382949829102,False,False
3234,humaneval_HumanEval/155:0:0:0,real,humaneval,28302aea92281abfe7fcead6703ffc48e8a09b5abf4f596c56aaa3badb687796,False,False,shuffled,0.02,-3.6697378158569336,-4.3269147872924805,False,False
3234,humaneval_HumanEval/155:0:0:0,real,humaneval,28302aea92281abfe7fcead6703ffc48e8a09b5abf4f596c56aaa3badb687796,False,False,shuffled,0.05,-3.694740056991577,-4.353789806365967,False,False
3234,humaneval_HumanEval/155:0:0:0,real,humaneval,28302aea92281abfe7fcead6703ffc48e8a09b5abf4f596c56aaa3badb687796,False,False,shuffled,0.1,-3.783815383911133,-4.34684944152832,False,False
3234,humaneval_HumanEval/155:0:0:0,real,humaneval,28302aea92281abfe7fcead6703ffc48e8a09b5abf4f596c56aaa3badb687796,False,False,shuffled,0.2,-3.705232620239258,-4.236461162567139,False,False
3234,humaneval_HumanEval/155:0:0:0,real,humaneval,28302aea92281abfe7fcead6703ffc48e8a09b5abf4f596c56aaa3badb687796,False,False,shuffled,0.4,-3.82450008392334,-4.239228248596191,False,False
3234,humaneval_HumanEval/155:0:0:0,real,humaneval,28302aea92281abfe7fcead6703ffc48e8a09b5abf4f596c56aaa3badb687796,False,False,wrong_site,0.02,-3.7077715396881104,-4.342643737792969,False,False
3234,humaneval_HumanEval/155:0:0:0,real,humaneval,28302aea92281abfe7fcead6703ffc48e8a09b5abf4f596c56aaa3badb687796,False,False,wrong_site,0.05,-3.6950557231903076,-4.437325477600098,False,False
3234,humaneval_HumanEval/155:0:0:0,real,humaneval,28302aea92281abfe7fcead6703ffc48e8a09b5abf4f596c56aaa3badb687796,False,False,wrong_site,0.1,-3.708610773086548,-4.343140125274658,False,False
3234,humaneval_HumanEval/155:0:0:0,real,humaneval,28302aea92281abfe7fcead6703ffc48e8a09b5abf4f596c56aaa3badb687796,False,False,wrong_site,0.2,-3.826836585998535,-4.342574119567871,False,False
3234,humaneval_HumanEval/155:0:0:0,real,humaneval,28302aea92281abfe7fcead6703ffc48e8a09b5abf4f596c56aaa3badb687796,False,False,wrong_site,0.4,-3.803156852722168,-4.342893600463867,False,False
3234,humaneval_HumanEval/155:0:0:0,real,humaneval,28302aea92281abfe7fcead6703ffc48e8a09b5abf4f596c56aaa3badb687796,False,False,answer_site,0.02,-3.695535659790039,-4.362709045410156,False,False
3234,humaneval_HumanEval/155:0:0:0,real,humaneval,28302aea92281abfe7fcead6703ffc48e8a09b5abf4f596c56aaa3badb687796,False,False,answer_site,0.05,-3.825554847717285,-4.264636993408203,False,False
3234,humaneval_HumanEval/155:0:0:0,real,humaneval,28302aea92281abfe7fcead6703ffc48e8a09b5abf4f596c56aaa3badb687796,False,False,answer_site,0.1,-3.716643810272217,-4.359543800354004,False,False
3234,humaneval_HumanEval/155:0:0:0,real,humaneval,28302aea92281abfe7fcead6703ffc48e8a09b5abf4f596c56aaa3badb687796,False,False,answer_site,0.2,-3.799471378326416,-4.392279624938965,False,False
3234,humaneval_HumanEval/155:0:0:0,real,humaneval,28302aea92281abfe7fcead6703ffc48e8a09b5abf4f596c56aaa3badb687796,False,False,answer_site,0.4,-5.776796340942383,-6.320437431335449,False,False
3234,humaneval_HumanEval/155:0:0:0,real,humaneval,28302aea92281abfe7fcead6703ffc48e8a09b5abf4f596c56aaa3badb687796,False,False,actuator_cond,0.02,-3.708379030227661,-4.342923164367676,False,False
3234,humaneval_HumanEval/155:0:0:0,real,humaneval,28302aea92281abfe7fcead6703ffc48e8a09b5abf4f596c56aaa3badb687796,False,False,actuator_cond,0.05,-3.8075857162475586,-4.331681728363037,False,False
3234,humaneval_HumanEval/155:0:0:0,real,humaneval,28302aea92281abfe7fcead6703ffc48e8a09b5abf4f596c56aaa3badb687796,False,False,actuator_cond,0.1,-3.8418524265289307,-4.227055549621582,False,False
3234,humaneval_HumanEval/155:0:0:0,real,humaneval,28302aea92281abfe7fcead6703ffc48e8a09b5abf4f596c56aaa3badb687796,False,False,actuator_cond,0.2,-3.948633909225464,-4.23823356628418,False,False
3234,humaneval_HumanEval/155:0:0:0,real,humaneval,28302aea92281abfe7fcead6703ffc48e8a09b5abf4f596c56aaa3badb687796,False,False,actuator_cond,0.4,-4.099438667297363,-4.330578804016113,False,False
3234,humaneval_HumanEval/155:0:0:0,real,humaneval,28302aea92281abfe7fcead6703ffc48e8a09b5abf4f596c56aaa3badb687796,False,False,actuator_answer,0.02,-3.7319281101226807,-4.240013599395752,False,False
3234,humaneval_HumanEval/155:0:0:0,real,humaneval,28302aea92281abfe7fcead6703ffc48e8a09b5abf4f596c56aaa3badb687796,False,False,actuator_answer,0.05,-3.7934916019439697,-4.0721588134765625,False,False
3234,humaneval_HumanEval/155:0:0:0,real,humaneval,28302aea92281abfe7fcead6703ffc48e8a09b5abf4f596c56aaa3badb687796,False,False,actuator_answer,0.1,-3.7331433296203613,-3.962759494781494,False,False
3234,humaneval_HumanEval/155:0:0:0,real,humaneval,28302aea92281abfe7fcead6703ffc48e8a09b5abf4f596c56aaa3badb687796,False,False,actuator_answer,0.2,-4.118581771850586,-4.209344387054443,False,False
3234,humaneval_HumanEval/155:0:0:0,real,humaneval,28302aea92281abfe7fcead6703ffc48e8a09b5abf4f596c56aaa3badb687796,False,False,actuator_answer,0.4,-11.213541030883789,-11.585291862487793,False,False
3235,humaneval_HumanEval/155:0:0:1,real,humaneval,28302aea92281abfe7fcead6703ffc48e8a09b5abf4f596c56aaa3badb687796,True,False,baseline,0.0,-4.515172004699707,-3.9865763187408447,False,False
3235,humaneval_HumanEval/155:0:0:1,real,humaneval,28302aea92281abfe7fcead6703ffc48e8a09b5abf4f596c56aaa3badb687796,True,False,semantic,0.02,-4.434079170227051,-4.044258117675781,False,False
3235,humaneval_HumanEval/155:0:0:1,real,humaneval,28302aea92281abfe7fcead6703ffc48e8a09b5abf4f596c56aaa3badb687796,True,False,semantic,0.05,-4.545699119567871,-4.016193866729736,False,False
3235,humaneval_HumanEval/155:0:0:1,real,humaneval,28302aea92281abfe7fcead6703ffc48e8a09b5abf4f596c56aaa3badb687796,True,False,semantic,0.1,-4.5023298263549805,-3.989291191101074,False,False
3235,humaneval_HumanEval/155:0:0:1,real,humaneval,28302aea92281abfe7fcead6703ffc48e8a09b5abf4f596c56aaa3badb687796,True,False,semantic,0.2,-4.636930465698242,-3.9888429641723633,False,False
3235,humaneval_HumanEval/155:0:0:1,real,humaneval,28302aea92281abfe7fcead6703ffc48e8a09b5abf4f596c56aaa3badb687796,True,False,semantic,0.4,-4.500682830810547,-3.9227676391601562,False,False
3235,humaneval_HumanEval/155:0:0:1,real,humaneval,28302aea92281abfe7fcead6703ffc48e8a09b5abf4f596c56aaa3badb687796,True,False,reverse,0.02,-4.542600154876709,-4.003957271575928,False,False
3235,humaneval_HumanEval/155:0:0:1,real,humaneval,28302aea92281abfe7fcead6703ffc48e8a09b5abf4f596c56aaa3badb687796,True,False,reverse,0.05,-4.424040794372559,-4.032745361328125,False,False
3235,humaneval_HumanEval/155:0:0:1,real,humaneval,28302aea92281abfe7fcead6703ffc48e8a09b5abf4f596c56aaa3badb687796,True,False,reverse,0.1,-4.443165302276611,-4.029679298400879,False,False
3235,humaneval_HumanEval/155:0:0:1,real,humaneval,28302aea92281abfe7fcead6703ffc48e8a09b5abf4f596c56aaa3badb687796,True,False,reverse,0.2,-4.529646873474121,-4.012153148651123,False,False
3235,humaneval_HumanEval/155:0:0:1,real,humaneval,28302aea92281abfe7fcead6703ffc48e8a09b5abf4f596c56aaa3badb687796,True,False,reverse,0.4,-4.531984806060791,-4.012895107269287,False,False
3235,humaneval_HumanEval/155:0:0:1,real,humaneval,28302aea92281abfe7fcead6703ffc48e8a09b5abf4f596c56aaa3badb687796,True,False,random,0.02,-4.541835308074951,-4.004754066467285,False,False
3235,humaneval_HumanEval/155:0:0:1,real,humaneval,28302aea92281abfe7fcead6703ffc48e8a09b5abf4f596c56aaa3badb687796,True,False,random,0.05,-4.440571308135986,-4.013373851776123,False,False
3235,humaneval_HumanEval/155:0:0:1,real,humaneval,28302aea92281abfe7fcead6703ffc48e8a09b5abf4f596c56aaa3badb687796,True,False,random,0.1,-4.4221086502075195,-4.007571220397949,False,False
3235,humaneval_HumanEval/155:0:0:1,real,humaneval,28302aea92281abfe7fcead6703ffc48e8a09b5abf4f596c56aaa3badb687796,True,False,random,0.2,-4.426149368286133,-3.9930214881896973,False,False
3235,humaneval_HumanEval/155:0:0:1,real,humaneval,28302aea92281abfe7fcead6703ffc48e8a09b5abf4f596c56aaa3badb687796,True,False,random,0.4,-4.425849914550781,-4.029204368591309,False,False
3235,humaneval_HumanEval/155:0:0:1,real,humaneval,28302aea92281abfe7fcead6703ffc48e8a09b5abf4f596c56aaa3badb687796,True,False,shuffled,0.02,-4.428676605224609,-4.038173198699951,False,False
3235,humaneval_HumanEval/155:0:0:1,real,humaneval,28302aea92281abfe7fcead6703ffc48e8a09b5abf4f596c56aaa3badb687796,True,False,shuffled,0.05,-4.442256927490234,-4.036431312561035,False,False
3235,humaneval_HumanEval/155:0:0:1,real,humaneval,28302aea92281abfe7fcead6703ffc48e8a09b5abf4f596c56aaa3badb687796,True,False,shuffled,0.1,-4.435641288757324,-4.043523788452148,False,False
3235,humaneval_HumanEval/155:0:0:1,real,humaneval,28302aea92281abfe7fcead6703ffc48e8a09b5abf4f596c56aaa3badb687796,True,False,shuffled,0.2,-4.427485942840576,-4.014266490936279,False,False
3235,humaneval_HumanEval/155:0:0:1,real,humaneval,28302aea92281abfe7fcead6703ffc48e8a09b5abf4f596c56aaa3badb687796,True,False,shuffled,0.4,-4.391576766967773,-4.0013275146484375,False,False
3235,humaneval_HumanEval/155:0:0:1,real,humaneval,28302aea92281abfe7fcead6703ffc48e8a09b5abf4f596c56aaa3badb687796,True,False,wrong_site,0.02,-4.441112518310547,-4.035504341125488,False,False
3235,humaneval_HumanEval/155:0:0:1,real,humaneval,28302aea92281abfe7fcead6703ffc48e8a09b5abf4f596c56aaa3badb687796,True,False,wrong_site,0.05,-4.437439441680908,-4.009886741638184,False,False
3235,humaneval_HumanEval/155:0:0:1,real,humaneval,28302aea92281abfe7fcead6703ffc48e8a09b5abf4f596c56aaa3badb687796,True,False,wrong_site,0.1,-4.440689563751221,-4.011800765991211,False,False
3235,humaneval_HumanEval/155:0:0:1,real,humaneval,28302aea92281abfe7fcead6703ffc48e8a09b5abf4f596c56aaa3badb687796,True,False,wrong_site,0.2,-4.44499397277832,-4.017600059509277,False,False
3235,humaneval_HumanEval/155:0:0:1,real,humaneval,28302aea92281abfe7fcead6703ffc48e8a09b5abf4f596c56aaa3badb687796,True,False,wrong_site,0.4,-4.437916278839111,-4.032613754272461,False,False
3235,humaneval_HumanEval/155:0:0:1,real,humaneval,28302aea92281abfe7fcead6703ffc48e8a09b5abf4f596c56aaa3badb687796,True,False,answer_site,0.02,-4.413139343261719,-4.032552719116211,False,False
3235,humaneval_HumanEval/155:0:0:1,real,humaneval,28302aea92281abfe7fcead6703ffc48e8a09b5abf4f596c56aaa3badb687796,True,False,answer_site,0.05,-4.527522087097168,-4.000061988830566,False,False
3235,humaneval_HumanEval/155:0:0:1,real,humaneval,28302aea92281abfe7fcead6703ffc48e8a09b5abf4f596c56aaa3badb687796,True,False,answer_site,0.1,-4.412537574768066,-4.005804061889648,False,False
3235,humaneval_HumanEval/155:0:0:1,real,humaneval,28302aea92281abfe7fcead6703ffc48e8a09b5abf4f596c56aaa3badb687796,True,False,answer_site,0.2,-4.4374284744262695,-3.930764675140381,False,False
3235,humaneval_HumanEval/155:0:0:1,real,humaneval,28302aea92281abfe7fcead6703ffc48e8a09b5abf4f596c56aaa3badb687796,True,False,answer_site,0.4,-5.311266899108887,-4.608488082885742,False,False
3235,humaneval_HumanEval/155:0:0:1,real,humaneval,28302aea92281abfe7fcead6703ffc48e8a09b5abf4f596c56aaa3badb687796,True,False,actuator_cond,0.02,-4.434389114379883,-4.029461860656738,False,False
3235,humaneval_HumanEval/155:0:0:1,real,humaneval,28302aea92281abfe7fcead6703ffc48e8a09b5abf4f596c56aaa3badb687796,True,False,actuator_cond,0.05,-4.431528091430664,-3.885287284851074,False,False
3235,humaneval_HumanEval/155:0:0:1,real,humaneval,28302aea92281abfe7fcead6703ffc48e8a09b5abf4f596c56aaa3badb687796,True,False,actuator_cond,0.1,-4.445795059204102,-3.9452669620513916,False,False
3235,humaneval_HumanEval/155:0:0:1,real,humaneval,28302aea92281abfe7fcead6703ffc48e8a09b5abf4f596c56aaa3badb687796,True,False,actuator_cond,0.2,-4.249436378479004,-3.7661936283111572,False,False
3235,humaneval_HumanEval/155:0:0:1,real,humaneval,28302aea92281abfe7fcead6703ffc48e8a09b5abf4f596c56aaa3badb687796,True,False,actuator_cond,0.4,-4.146352291107178,-3.3987655639648438,False,False
3235,humaneval_HumanEval/155:0:0:1,real,humaneval,28302aea92281abfe7fcead6703ffc48e8a09b5abf4f596c56aaa3badb687796,True,False,actuator_answer,0.02,-4.53436803817749,-3.9809646606445312,False,False
3235,humaneval_HumanEval/155:0:0:1,real,humaneval,28302aea92281abfe7fcead6703ffc48e8a09b5abf4f596c56aaa3badb687796,True,False,actuator_answer,0.05,-4.743050575256348,-3.925602436065674,False,False
3235,humaneval_HumanEval/155:0:0:1,real,humaneval,28302aea92281abfe7fcead6703ffc48e8a09b5abf4f596c56aaa3badb687796,True,False,actuator_answer,0.1,-4.827474117279053,-3.8956849575042725,False,False
3235,humaneval_HumanEval/155:0:0:1,real,humaneval,28302aea92281abfe7fcead6703ffc48e8a09b5abf4f596c56aaa3badb687796,True,False,actuator_answer,0.2,-5.224120616912842,-3.7213518619537354,False,False
3235,humaneval_HumanEval/155:0:0:1,real,humaneval,28302aea92281abfe7fcead6703ffc48e8a09b5abf4f596c56aaa3badb687796,True,False,actuator_answer,0.4,-22.208847045898438,-20.730602264404297,False,False
3236,humaneval_HumanEval/155:0:0:2,real,humaneval,28302aea92281abfe7fcead6703ffc48e8a09b5abf4f596c56aaa3badb687796,True,False,baseline,0.0,-5.178992748260498,-5.310108661651611,False,False
3236,humaneval_HumanEval/155:0:0:2,real,humaneval,28302aea92281abfe7fcead6703ffc48e8a09b5abf4f596c56aaa3badb687796,True,False,semantic,0.02,-5.175230026245117,-5.307016849517822,False,False
3236,humaneval_HumanEval/155:0:0:2,real,humaneval,28302aea92281abfe7fcead6703ffc48e8a09b5abf4f596c56aaa3badb687796,True,False,semantic,0.05,-5.176887512207031,-5.320024490356445,False,False
3236,humaneval_HumanEval/155:0:0:2,real,humaneval,28302aea92281abfe7fcead6703ffc48e8a09b5abf4f596c56aaa3badb687796,True,False,semantic,0.1,-5.315293312072754,-5.305315971374512,False,False
3236,humaneval_HumanEval/155:0:0:2,real,humaneval,28302aea92281abfe7fcead6703ffc48e8a09b5abf4f596c56aaa3badb687796,True,False,semantic,0.2,-5.284177780151367,-5.187619686126709,False,False
3236,humaneval_HumanEval/155:0:0:2,real,humaneval,28302aea92281abfe7fcead6703ffc48e8a09b5abf4f596c56aaa3badb687796,True,False,semantic,0.4,-5.048724174499512,-5.163921356201172,False,False
3236,humaneval_HumanEval/155:0:0:2,real,humaneval,28302aea92281abfe7fcead6703ffc48e8a09b5abf4f596c56aaa3badb687796,True,False,reverse,0.02,-5.274740219116211,-5.3029351234436035,False,False
3236,humaneval_HumanEval/155:0:0:2,real,humaneval,28302aea92281abfe7fcead6703ffc48e8a09b5abf4f596c56aaa3badb687796,True,False,reverse,0.05,-5.171082973480225,-5.30518102645874,False,False
3236,humaneval_HumanEval/155:0:0:2,real,humaneval,28302aea92281abfe7fcead6703ffc48e8a09b5abf4f596c56aaa3badb687796,True,False,reverse,0.1,-5.173879623413086,-5.319859027862549,False,False
3236,humaneval_HumanEval/155:0:0:2,real,humaneval,28302aea92281abfe7fcead6703ffc48e8a09b5abf4f596c56aaa3badb687796,True,False,reverse,0.2,-5.174191951751709,-5.197718143463135,False,False
3236,humaneval_HumanEval/155:0:0:2,real,humaneval,28302aea92281abfe7fcead6703ffc48e8a09b5abf4f596c56aaa3badb687796,True,False,reverse,0.4,-5.30476188659668,-5.308712005615234,False,False
3236,humaneval_HumanEval/155:0:0:2,real,humaneval,28302aea92281abfe7fcead6703ffc48e8a09b5abf4f596c56aaa3badb687796,True,False,random,0.02,-5.292263984680176,-5.174132347106934,False,False
3236,humaneval_HumanEval/155:0:0:2,real,humaneval,28302aea92281abfe7fcead6703ffc48e8a09b5abf4f596c56aaa3badb687796,True,False,random,0.05,-5.173471927642822,-5.305110454559326,False,False
3236,humaneval_HumanEval/155:0:0:2,real,humaneval,28302aea92281abfe7fcead6703ffc48e8a09b5abf4f596c56aaa3badb687796,True,False,random,0.1,-5.170598030090332,-5.181245803833008,False,False
3236,humaneval_HumanEval/155:0:0:2,real,humaneval,28302aea92281abfe7fcead6703ffc48e8a09b5abf4f596c56aaa3badb687796,True,False,random,0.2,-5.299888610839844,-5.303719997406006,False,False
3236,humaneval_HumanEval/155:0:0:2,real,humaneval,28302aea92281abfe7fcead6703ffc48e8a09b5abf4f596c56aaa3badb687796,True,False,random,0.4,-5.215351104736328,-5.367192268371582,False,False
3236,humaneval_HumanEval/155:0:0:2,real,humaneval,28302aea92281abfe7fcead6703ffc48e8a09b5abf4f596c56aaa3badb687796,True,False,shuffled,0.02,-5.175528526306152,-5.3062357902526855,False,False
3236,humaneval_HumanEval/155:0:0:2,real,humaneval,28302aea92281abfe7fcead6703ffc48e8a09b5abf4f596c56aaa3badb687796,True,False,shuffled,0.05,-5.174249172210693,-5.306633472442627,False,False
3236,humaneval_HumanEval/155:0:0:2,real,humaneval,28302aea92281abfe7fcead6703ffc48e8a09b5abf4f596c56aaa3badb687796,True,False,shuffled,0.1,-5.398714065551758,-5.315771579742432,False,False
3236,humaneval_HumanEval/155:0:0:2,real,humaneval,28302aea92281abfe7fcead6703ffc48e8a09b5abf4f596c56aaa3badb687796,True,False,shuffled,0.2,-5.273828029632568,-5.318479537963867,False,False
3236,humaneval_HumanEval/155:0:0:2,real,humaneval,28302aea92281abfe7fcead6703ffc48e8a09b5abf4f596c56aaa3badb687796,True,False,shuffled,0.4,-5.157224655151367,-5.194094181060791,False,False
3236,humaneval_HumanEval/155:0:0:2,real,humaneval,28302aea92281abfe7fcead6703ffc48e8a09b5abf4f596c56aaa3badb687796,True,False,wrong_site,0.02,-5.281948566436768,-5.186491966247559,False,False
3236,humaneval_HumanEval/155:0:0:2,real,humaneval,28302aea92281abfe7fcead6703ffc48e8a09b5abf4f596c56aaa3badb687796,True,False,wrong_site,0.05,-5.172144412994385,-5.306517124176025,False,False
3236,humaneval_HumanEval/155:0:0:2,real,humaneval,28302aea92281abfe7fcead6703ffc48e8a09b5abf4f596c56aaa3badb687796,True,False,wrong_site,0.1,-5.175798416137695,-5.183037757873535,False,False
3236,humaneval_HumanEval/155:0:0:2,real,humaneval,28302aea92281abfe7fcead6703ffc48e8a09b5abf4f596c56aaa3badb687796,True,False,wrong_site,0.2,-5.178521156311035,-5.186619758605957,False,False
3236,humaneval_HumanEval/155:0:0:2,real,humaneval,28302aea92281abfe7fcead6703ffc48e8a09b5abf4f596c56aaa3badb687796,True,False,wrong_site,0.4,-5.199759483337402,-5.195818901062012,False,False
3236,humaneval_HumanEval/155:0:0:2,real,humaneval,28302aea92281abfe7fcead6703ffc48e8a09b5abf4f596c56aaa3badb687796,True,False,answer_site,0.02,-5.205142021179199,-5.211381435394287,False,False
3236,humaneval_HumanEval/155:0:0:2,real,humaneval,28302aea92281abfe7fcead6703ffc48e8a09b5abf4f596c56aaa3badb687796,True,False,answer_site,0.05,-5.305146217346191,-5.189797878265381,False,False
3236,humaneval_HumanEval/155:0:0:2,real,humaneval,28302aea92281abfe7fcead6703ffc48e8a09b5abf4f596c56aaa3badb687796,True,False,answer_site,0.1,-5.188323974609375,-5.34975004196167,False,False
3236,humaneval_HumanEval/155:0:0:2,real,humaneval,28302aea92281abfe7fcead6703ffc48e8a09b5abf4f596c56aaa3badb687796,True,False,answer_site,0.2,-5.214316368103027,-5.249504566192627,False,False
3236,humaneval_HumanEval/155:0:0:2,real,humaneval,28302aea92281abfe7fcead6703ffc48e8a09b5abf4f596c56aaa3badb687796,True,False,answer_site,0.4,-5.904747009277344,-5.9570441246032715,False,False
3236,humaneval_HumanEval/155:0:0:2,real,humaneval,28302aea92281abfe7fcead6703ffc48e8a09b5abf4f596c56aaa3badb687796,True,False,actuator_cond,0.02,-5.174302101135254,-5.181692123413086,False,False
3236,humaneval_HumanEval/155:0:0:2,real,humaneval,28302aea92281abfe7fcead6703ffc48e8a09b5abf4f596c56aaa3badb687796,True,False,actuator_cond,0.05,-5.162659645080566,-5.191773414611816,False,False
3236,humaneval_HumanEval/155:0:0:2,real,humaneval,28302aea92281abfe7fcead6703ffc48e8a09b5abf4f596c56aaa3badb687796,True,False,actuator_cond,0.1,-5.145577430725098,-5.065727710723877,False,False
3236,humaneval_HumanEval/155:0:0:2,real,humaneval,28302aea92281abfe7fcead6703ffc48e8a09b5abf4f596c56aaa3badb687796,True,False,actuator_cond,0.2,-5.039102554321289,-4.859175205230713,False,False
3236,humaneval_HumanEval/155:0:0:2,real,humaneval,28302aea92281abfe7fcead6703ffc48e8a09b5abf4f596c56aaa3badb687796,True,False,actuator_cond,0.4,-4.488031387329102,-4.34163761138916,False,False
3236,humaneval_HumanEval/155:0:0:2,real,humaneval,28302aea92281abfe7fcead6703ffc48e8a09b5abf4f596c56aaa3badb687796,True,False,actuator_answer,0.02,-5.284426689147949,-5.291393756866455,False,False
3236,humaneval_HumanEval/155:0:0:2,real,humaneval,28302aea92281abfe7fcead6703ffc48e8a09b5abf4f596c56aaa3badb687796,True,False,actuator_answer,0.05,-5.5022053718566895,-5.278677940368652,False,False
3236,humaneval_HumanEval/155:0:0:2,real,humaneval,28302aea92281abfe7fcead6703ffc48e8a09b5abf4f596c56aaa3badb687796,True,False,actuator_answer,0.1,-5.529958248138428,-5.246636390686035,False,False
3236,humaneval_HumanEval/155:0:0:2,real,humaneval,28302aea92281abfe7fcead6703ffc48e8a09b5abf4f596c56aaa3badb687796,True,False,actuator_answer,0.2,-5.949703216552734,-5.385575771331787,False,False
3236,humaneval_HumanEval/155:0:0:2,real,humaneval,28302aea92281abfe7fcead6703ffc48e8a09b5abf4f596c56aaa3badb687796,True,False,actuator_answer,0.4,-22.709667205810547,-22.34630012512207,False,False
3237,humaneval_HumanEval/159:1:0:0,real,humaneval,c2e0198e9c3e33b02bcaa6596582cc530d79e52cd40bc2ada3a8560993793166,True,False,baseline,0.0,-9.014957427978516,-11.589097023010254,False,False
3237,humaneval_HumanEval/159:1:0:0,real,humaneval,c2e0198e9c3e33b02bcaa6596582cc530d79e52cd40bc2ada3a8560993793166,True,False,semantic,0.02,-9.099079132080078,-11.477587699890137,False,False
3237,humaneval_HumanEval/159:1:0:0,real,humaneval,c2e0198e9c3e33b02bcaa6596582cc530d79e52cd40bc2ada3a8560993793166,True,False,semantic,0.05,-9.07302188873291,-11.57689094543457,False,False
3237,humaneval_HumanEval/159:1:0:0,real,humaneval,c2e0198e9c3e33b02bcaa6596582cc530d79e52cd40bc2ada3a8560993793166,True,False,semantic,0.1,-9.010882377624512,-11.484268188476562,False,False
3237,humaneval_HumanEval/159:1:0:0,real,humaneval,c2e0198e9c3e33b02bcaa6596582cc530d79e52cd40bc2ada3a8560993793166,True,False,semantic,0.2,-8.977922439575195,-11.528627395629883,False,False
3237,humaneval_HumanEval/159:1:0:0,real,humaneval,c2e0198e9c3e33b02bcaa6596582cc530d79e52cd40bc2ada3a8560993793166,True,False,semantic,0.4,-9.051419258117676,-11.467084884643555,False,False
3237,humaneval_HumanEval/159:1:0:0,real,humaneval,c2e0198e9c3e33b02bcaa6596582cc530d79e52cd40bc2ada3a8560993793166,True,False,reverse,0.02,-9.002056121826172,-11.525739669799805,False,False
3237,humaneval_HumanEval/159:1:0:0,real,humaneval,c2e0198e9c3e33b02bcaa6596582cc530d79e52cd40bc2ada3a8560993793166,True,False,reverse,0.05,-9.054656028747559,-11.437929153442383,False,False
3237,humaneval_HumanEval/159:1:0:0,real,humaneval,c2e0198e9c3e33b02bcaa6596582cc530d79e52cd40bc2ada3a8560993793166,True,False,reverse,0.1,-8.970354080200195,-11.528852462768555,False,False
3237,humaneval_HumanEval/159:1:0:0,real,humaneval,c2e0198e9c3e33b02bcaa6596582cc530d79e52cd40bc2ada3a8560993793166,True,False,reverse,0.2,-8.985785484313965,-11.550457000732422,False,False
3237,humaneval_HumanEval/159:1:0:0,real,humaneval,c2e0198e9c3e33b02bcaa6596582cc530d79e52cd40bc2ada3a8560993793166,True,False,reverse,0.4,-9.051589012145996,-11.618507385253906,False,False
3237,humaneval_HumanEval/159:1:0:0,real,humaneval,c2e0198e9c3e33b02bcaa6596582cc530d79e52cd40bc2ada3a8560993793166,True,False,random,0.02,-8.903867721557617,-11.45309066772461,False,False
3237,humaneval_HumanEval/159:1:0:0,real,humaneval,c2e0198e9c3e33b02bcaa6596582cc530d79e52cd40bc2ada3a8560993793166,True,False,random,0.05,-9.077945709228516,-11.529569625854492,False,False
3237,humaneval_HumanEval/159:1:0:0,real,humaneval,c2e0198e9c3e33b02bcaa6596582cc530d79e52cd40bc2ada3a8560993793166,True,False,random,0.1,-8.916145324707031,-11.461381912231445,False,False
3237,humaneval_HumanEval/159:1:0:0,real,humaneval,c2e0198e9c3e33b02bcaa6596582cc530d79e52cd40bc2ada3a8560993793166,True,False,random,0.2,-9.013932228088379,-11.471759796142578,False,False
3237,humaneval_HumanEval/159:1:0:0,real,humaneval,c2e0198e9c3e33b02bcaa6596582cc530d79e52cd40bc2ada3a8560993793166,True,False,random,0.4,-8.950273513793945,-11.501580238342285,False,False
3237,humaneval_HumanEval/159:1:0:0,real,humaneval,c2e0198e9c3e33b02bcaa6596582cc530d79e52cd40bc2ada3a8560993793166,True,False,shuffled,0.02,-8.982110977172852,-11.458784103393555,False,False
3237,humaneval_HumanEval/159:1:0:0,real,humaneval,c2e0198e9c3e33b02bcaa6596582cc530d79e52cd40bc2ada3a8560993793166,True,False,shuffled,0.05,-8.949657440185547,-11.499019622802734,False,False
3237,humaneval_HumanEval/159:1:0:0,real,humaneval,c2e0198e9c3e33b02bcaa6596582cc530d79e52cd40bc2ada3a8560993793166,True,False,shuffled,0.1,-8.899667739868164,-11.44975471496582,False,False
3237,humaneval_HumanEval/159:1:0:0,real,humaneval,c2e0198e9c3e33b02bcaa6596582cc530d79e52cd40bc2ada3a8560993793166,True,False,shuffled,0.2,-8.8948392868042,-11.359039306640625,False,False
3237,humaneval_HumanEval/159:1:0:0,real,humaneval,c2e0198e9c3e33b02bcaa6596582cc530d79e52cd40bc2ada3a8560993793166,True,False,shuffled,0.4,-8.974589347839355,-11.444974899291992,False,False
3237,humaneval_HumanEval/159:1:0:0,real,humaneval,c2e0198e9c3e33b02bcaa6596582cc530d79e52cd40bc2ada3a8560993793166,True,False,wrong_site,0.02,-9.021928787231445,-11.448837280273438,False,False
3237,humaneval_HumanEval/159:1:0:0,real,humaneval,c2e0198e9c3e33b02bcaa6596582cc530d79e52cd40bc2ada3a8560993793166,True,False,wrong_site,0.05,-8.993743896484375,-11.438596725463867,False,False
3237,humaneval_HumanEval/159:1:0:0,real,humaneval,c2e0198e9c3e33b02bcaa6596582cc530d79e52cd40bc2ada3a8560993793166,True,False,wrong_site,0.1,-8.926362037658691,-11.45826530456543,False,False
3237,humaneval_HumanEval/159:1:0:0,real,humaneval,c2e0198e9c3e33b02bcaa6596582cc530d79e52cd40bc2ada3a8560993793166,True,False,wrong_site,0.2,-9.039484024047852,-11.507242202758789,False,False
3237,humaneval_HumanEval/159:1:0:0,real,humaneval,c2e0198e9c3e33b02bcaa6596582cc530d79e52cd40bc2ada3a8560993793166,True,False,wrong_site,0.4,-9.101778030395508,-11.550689697265625,False,False
3237,humaneval_HumanEval/159:1:0:0,real,humaneval,c2e0198e9c3e33b02bcaa6596582cc530d79e52cd40bc2ada3a8560993793166,True,False,answer_site,0.02,-8.890602111816406,-11.415990829467773,False,False
3237,humaneval_HumanEval/159:1:0:0,real,humaneval,c2e0198e9c3e33b02bcaa6596582cc530d79e52cd40bc2ada3a8560993793166,True,False,answer_site,0.05,-9.088094711303711,-11.54220962524414,False,False
3237,humaneval_HumanEval/159:1:0:0,real,humaneval,c2e0198e9c3e33b02bcaa6596582cc530d79e52cd40bc2ada3a8560993793166,True,False,answer_site,0.1,-8.874890327453613,-11.37228775024414,False,False
3237,humaneval_HumanEval/159:1:0:0,real,humaneval,c2e0198e9c3e33b02bcaa6596582cc530d79e52cd40bc2ada3a8560993793166,True,False,answer_site,0.2,-8.839095115661621,-11.248043060302734,False,False
3237,humaneval_HumanEval/159:1:0:0,real,humaneval,c2e0198e9c3e33b02bcaa6596582cc530d79e52cd40bc2ada3a8560993793166,True,False,answer_site,0.4,-9.566228866577148,-12.032374382019043,False,False
3237,humaneval_HumanEval/159:1:0:0,real,humaneval,c2e0198e9c3e33b02bcaa6596582cc530d79e52cd40bc2ada3a8560993793166,True,False,actuator_cond,0.02,-8.95223617553711,-11.493536949157715,False,False
3237,humaneval_HumanEval/159:1:0:0,real,humaneval,c2e0198e9c3e33b02bcaa6596582cc530d79e52cd40bc2ada3a8560993793166,True,False,actuator_cond,0.05,-8.947652816772461,-11.43603801727295,False,False
3237,humaneval_HumanEval/159:1:0:0,real,humaneval,c2e0198e9c3e33b02bcaa6596582cc530d79e52cd40bc2ada3a8560993793166,True,False,actuator_cond,0.1,-9.024703979492188,-11.534894943237305,False,False
3237,humaneval_HumanEval/159:1:0:0,real,humaneval,c2e0198e9c3e33b02bcaa6596582cc530d79e52cd40bc2ada3a8560993793166,True,False,actuator_cond,0.2,-9.033393859863281,-11.428054809570312,False,False
3237,humaneval_HumanEval/159:1:0:0,real,humaneval,c2e0198e9c3e33b02bcaa6596582cc530d79e52cd40bc2ada3a8560993793166,True,False,actuator_cond,0.4,-9.057788848876953,-11.63381576538086,False,False
3237,humaneval_HumanEval/159:1:0:0,real,humaneval,c2e0198e9c3e33b02bcaa6596582cc530d79e52cd40bc2ada3a8560993793166,True,False,actuator_answer,0.02,-8.962762832641602,-11.502887725830078,False,False
3237,humaneval_HumanEval/159:1:0:0,real,humaneval,c2e0198e9c3e33b02bcaa6596582cc530d79e52cd40bc2ada3a8560993793166,True,False,actuator_answer,0.05,-9.096197128295898,-11.609885215759277,False,False
3237,humaneval_HumanEval/159:1:0:0,real,humaneval,c2e0198e9c3e33b02bcaa6596582cc530d79e52cd40bc2ada3a8560993793166,True,False,actuator_answer,0.1,-9.079504013061523,-11.699380874633789,False,False
3237,humaneval_HumanEval/159:1:0:0,real,humaneval,c2e0198e9c3e33b02bcaa6596582cc530d79e52cd40bc2ada3a8560993793166,True,False,actuator_answer,0.2,-9.021021842956543,-11.645391464233398,False,False
3237,humaneval_HumanEval/159:1:0:0,real,humaneval,c2e0198e9c3e33b02bcaa6596582cc530d79e52cd40bc2ada3a8560993793166,True,False,actuator_answer,0.4,-9.833133697509766,-12.78834342956543,False,False
3238,humaneval_HumanEval/159:1:0:1,real,humaneval,c2e0198e9c3e33b02bcaa6596582cc530d79e52cd40bc2ada3a8560993793166,False,False,baseline,0.0,-3.025174617767334,-17.103513717651367,False,False
3238,humaneval_HumanEval/159:1:0:1,real,humaneval,c2e0198e9c3e33b02bcaa6596582cc530d79e52cd40bc2ada3a8560993793166,False,False,semantic,0.02,-3.077810287475586,-16.967866897583008,False,False
3238,humaneval_HumanEval/159:1:0:1,real,humaneval,c2e0198e9c3e33b02bcaa6596582cc530d79e52cd40bc2ada3a8560993793166,False,False,semantic,0.05,-3.1632838249206543,-17.0170955657959,False,False
3238,humaneval_HumanEval/159:1:0:1,real,humaneval,c2e0198e9c3e33b02bcaa6596582cc530d79e52cd40bc2ada3a8560993793166,False,False,semantic,0.1,-3.0891528129577637,-17.021648406982422,False,False
3238,humaneval_HumanEval/159:1:0:1,real,humaneval,c2e0198e9c3e33b02bcaa6596582cc530d79e52cd40bc2ada3a8560993793166,False,False,semantic,0.2,-3.1733007431030273,-17.054588317871094,False,False
3238,humaneval_HumanEval/159:1:0:1,real,humaneval,c2e0198e9c3e33b02bcaa6596582cc530d79e52cd40bc2ada3a8560993793166,False,False,semantic,0.4,-3.0674948692321777,-17.05047607421875,False,False
3238,humaneval_HumanEval/159:1:0:1,real,humaneval,c2e0198e9c3e33b02bcaa6596582cc530d79e52cd40bc2ada3a8560993793166,False,False,reverse,0.02,-3.118802785873413,-17.095022201538086,False,False
3238,humaneval_HumanEval/159:1:0:1,real,humaneval,c2e0198e9c3e33b02bcaa6596582cc530d79e52cd40bc2ada3a8560993793166,False,False,reverse,0.05,-3.1249852180480957,-17.03896141052246,False,False
3238,humaneval_HumanEval/159:1:0:1,real,humaneval,c2e0198e9c3e33b02bcaa6596582cc530d79e52cd40bc2ada3a8560993793166,False,False,reverse,0.1,-3.101679801940918,-16.895132064819336,False,False
3238,humaneval_HumanEval/159:1:0:1,real,humaneval,c2e0198e9c3e33b02bcaa6596582cc530d79e52cd40bc2ada3a8560993793166,False,False,reverse,0.2,-3.055985927581787,-17.05480194091797,False,False
3238,humaneval_HumanEval/159:1:0:1,real,humaneval,c2e0198e9c3e33b02bcaa6596582cc530d79e52cd40bc2ada3a8560993793166,False,False,reverse,0.4,-2.957916259765625,-16.81844711303711,False,False
3238,humaneval_HumanEval/159:1:0:1,real,humaneval,c2e0198e9c3e33b02bcaa6596582cc530d79e52cd40bc2ada3a8560993793166,False,False,random,0.02,-3.0246849060058594,-17.10518455505371,False,False
3238,humaneval_HumanEval/159:1:0:1,real,humaneval,c2e0198e9c3e33b02bcaa6596582cc530d79e52cd40bc2ada3a8560993793166,False,False,random,0.05,-2.996495485305786,-16.98804473876953,False,False
3238,humaneval_HumanEval/159:1:0:1,real,humaneval,c2e0198e9c3e33b02bcaa6596582cc530d79e52cd40bc2ada3a8560993793166,False,False,random,0.1,-3.068997383117676,-17.035491943359375,False,False
3238,humaneval_HumanEval/159:1:0:1,real,humaneval,c2e0198e9c3e33b02bcaa6596582cc530d79e52cd40bc2ada3a8560993793166,False,False,random,0.2,-3.0201501846313477,-17.049007415771484,False,False
3238,humaneval_HumanEval/159:1:0:1,real,humaneval,c2e0198e9c3e33b02bcaa6596582cc530d79e52cd40bc2ada3a8560993793166,False,False,random,0.4,-3.100851058959961,-17.0264949798584,False,False
3238,humaneval_HumanEval/159:1:0:1,real,humaneval,c2e0198e9c3e33b02bcaa6596582cc530d79e52cd40bc2ada3a8560993793166,False,False,shuffled,0.02,-2.98946475982666,-17.024866104125977,False,False
3238,humaneval_HumanEval/159:1:0:1,real,humaneval,c2e0198e9c3e33b02bcaa6596582cc530d79e52cd40bc2ada3a8560993793166,False,False,shuffled,0.05,-2.941134452819824,-17.01919937133789,False,False
3238,humaneval_HumanEval/159:1:0:1,real,humaneval,c2e0198e9c3e33b02bcaa6596582cc530d79e52cd40bc2ada3a8560993793166,False,False,shuffled,0.1,-2.9535698890686035,-17.027103424072266,False,False
3238,humaneval_HumanEval/159:1:0:1,real,humaneval,c2e0198e9c3e33b02bcaa6596582cc530d79e52cd40bc2ada3a8560993793166,False,False,shuffled,0.2,-3.0760531425476074,-17.084951400756836,False,False
3238,humaneval_HumanEval/159:1:0:1,real,humaneval,c2e0198e9c3e33b02bcaa6596582cc530d79e52cd40bc2ada3a8560993793166,False,False,shuffled,0.4,-3.1015467643737793,-17.064455032348633,False,False
3238,humaneval_HumanEval/159:1:0:1,real,humaneval,c2e0198e9c3e33b02bcaa6596582cc530d79e52cd40bc2ada3a8560993793166,False,False,wrong_site,0.02,-3.0436811447143555,-17.006383895874023,False,False
3238,humaneval_HumanEval/159:1:0:1,real,humaneval,c2e0198e9c3e33b02bcaa6596582cc530d79e52cd40bc2ada3a8560993793166,False,False,wrong_site,0.05,-2.9995388984680176,-17.036985397338867,False,False
3238,humaneval_HumanEval/159:1:0:1,real,humaneval,c2e0198e9c3e33b02bcaa6596582cc530d79e52cd40bc2ada3a8560993793166,False,False,wrong_site,0.1,-3.0231080055236816,-16.940458297729492,False,False
3238,humaneval_HumanEval/159:1:0:1,real,humaneval,c2e0198e9c3e33b02bcaa6596582cc530d79e52cd40bc2ada3a8560993793166,False,False,wrong_site,0.2,-3.0320205688476562,-17.043224334716797,False,False
3238,humaneval_HumanEval/159:1:0:1,real,humaneval,c2e0198e9c3e33b02bcaa6596582cc530d79e52cd40bc2ada3a8560993793166,False,False,wrong_site,0.4,-2.9672353267669678,-17.088157653808594,False,False
3238,humaneval_HumanEval/159:1:0:1,real,humaneval,c2e0198e9c3e33b02bcaa6596582cc530d79e52cd40bc2ada3a8560993793166,False,False,answer_site,0.02,-2.9417319297790527,-17.137887954711914,False,False
3238,humaneval_HumanEval/159:1:0:1,real,humaneval,c2e0198e9c3e33b02bcaa6596582cc530d79e52cd40bc2ada3a8560993793166,False,False,answer_site,0.05,-3.1020078659057617,-17.001243591308594,False,False
3238,humaneval_HumanEval/159:1:0:1,real,humaneval,c2e0198e9c3e33b02bcaa6596582cc530d79e52cd40bc2ada3a8560993793166,False,False,answer_site,0.1,-3.133183240890503,-16.86442756652832,False,False
3238,humaneval_HumanEval/159:1:0:1,real,humaneval,c2e0198e9c3e33b02bcaa6596582cc530d79e52cd40bc2ada3a8560993793166,False,False,answer_site,0.2,-3.2400026321411133,-17.153928756713867,False,False
3238,humaneval_HumanEval/159:1:0:1,real,humaneval,c2e0198e9c3e33b02bcaa6596582cc530d79e52cd40bc2ada3a8560993793166,False,False,answer_site,0.4,-8.160188674926758,-22.103824615478516,False,False
3238,humaneval_HumanEval/159:1:0:1,real,humaneval,c2e0198e9c3e33b02bcaa6596582cc530d79e52cd40bc2ada3a8560993793166,False,False,actuator_cond,0.02,-3.0549557209014893,-17.064807891845703,False,False
3238,humaneval_HumanEval/159:1:0:1,real,humaneval,c2e0198e9c3e33b02bcaa6596582cc530d79e52cd40bc2ada3a8560993793166,False,False,actuator_cond,0.05,-2.9349277019500732,-17.11902618408203,False,False
3238,humaneval_HumanEval/159:1:0:1,real,humaneval,c2e0198e9c3e33b02bcaa6596582cc530d79e52cd40bc2ada3a8560993793166,False,False,actuator_cond,0.1,-3.0505483150482178,-16.993793487548828,False,False
3238,humaneval_HumanEval/159:1:0:1,real,humaneval,c2e0198e9c3e33b02bcaa6596582cc530d79e52cd40bc2ada3a8560993793166,False,False,actuator_cond,0.2,-3.004136562347412,-17.12270736694336,False,False
3238,humaneval_HumanEval/159:1:0:1,real,humaneval,c2e0198e9c3e33b02bcaa6596582cc530d79e52cd40bc2ada3a8560993793166,False,False,actuator_cond,0.4,-2.947519302368164,-17.19954490661621,False,False
3238,humaneval_HumanEval/159:1:0:1,real,humaneval,c2e0198e9c3e33b02bcaa6596582cc530d79e52cd40bc2ada3a8560993793166,False,False,actuator_answer,0.02,-3.0075430870056152,-16.995746612548828,False,False
3238,humaneval_HumanEval/159:1:0:1,real,humaneval,c2e0198e9c3e33b02bcaa6596582cc530d79e52cd40bc2ada3a8560993793166,False,False,actuator_answer,0.05,-2.922511577606201,-16.85464096069336,False,False
3238,humaneval_HumanEval/159:1:0:1,real,humaneval,c2e0198e9c3e33b02bcaa6596582cc530d79e52cd40bc2ada3a8560993793166,False,False,actuator_answer,0.1,-2.9601056575775146,-16.87118911743164,False,False
3238,humaneval_HumanEval/159:1:0:1,real,humaneval,c2e0198e9c3e33b02bcaa6596582cc530d79e52cd40bc2ada3a8560993793166,False,False,actuator_answer,0.2,-3.024660110473633,-17.182281494140625,False,False
3238,humaneval_HumanEval/159:1:0:1,real,humaneval,c2e0198e9c3e33b02bcaa6596582cc530d79e52cd40bc2ada3a8560993793166,False,False,actuator_answer,0.4,-11.01350212097168,-26.381389617919922,False,False
3239,humaneval_HumanEval/159:1:0:2,real,humaneval,c2e0198e9c3e33b02bcaa6596582cc530d79e52cd40bc2ada3a8560993793166,False,False,baseline,0.0,-10.579776763916016,-15.749015808105469,False,False
3239,humaneval_HumanEval/159:1:0:2,real,humaneval,c2e0198e9c3e33b02bcaa6596582cc530d79e52cd40bc2ada3a8560993793166,False,False,semantic,0.02,-10.449830055236816,-15.561653137207031,False,False
3239,humaneval_HumanEval/159:1:0:2,real,humaneval,c2e0198e9c3e33b02bcaa6596582cc530d79e52cd40bc2ada3a8560993793166,False,False,semantic,0.05,-10.470053672790527,-15.574752807617188,False,False
3239,humaneval_HumanEval/159:1:0:2,real,humaneval,c2e0198e9c3e33b02bcaa6596582cc530d79e52cd40bc2ada3a8560993793166,False,False,semantic,0.1,-10.469050407409668,-15.576894760131836,False,False
3239,humaneval_HumanEval/159:1:0:2,real,humaneval,c2e0198e9c3e33b02bcaa6596582cc530d79e52cd40bc2ada3a8560993793166,False,False,semantic,0.2,-10.583080291748047,-15.758920669555664,False,False
3239,humaneval_HumanEval/159:1:0:2,real,humaneval,c2e0198e9c3e33b02bcaa6596582cc530d79e52cd40bc2ada3a8560993793166,False,False,semantic,0.4,-10.544995307922363,-15.727397918701172,False,False
3239,humaneval_HumanEval/159:1:0:2,real,humaneval,c2e0198e9c3e33b02bcaa6596582cc530d79e52cd40bc2ada3a8560993793166,False,False,reverse,0.02,-10.516054153442383,-15.712101936340332,False,False
3239,humaneval_HumanEval/159:1:0:2,real,humaneval,c2e0198e9c3e33b02bcaa6596582cc530d79e52cd40bc2ada3a8560993793166,False,False,reverse,0.05,-10.501350402832031,-15.588470458984375,False,False
3239,humaneval_HumanEval/159:1:0:2,real,humaneval,c2e0198e9c3e33b02bcaa6596582cc530d79e52cd40bc2ada3a8560993793166,False,False,reverse,0.1,-10.577373504638672,-15.714426040649414,False,False
3239,humaneval_HumanEval/159:1:0:2,real,humaneval,c2e0198e9c3e33b02bcaa6596582cc530d79e52cd40bc2ada3a8560993793166,False,False,reverse,0.2,-10.529321670532227,-15.682914733886719,False,False
3239,humaneval_HumanEval/159:1:0:2,real,humaneval,c2e0198e9c3e33b02bcaa6596582cc530d79e52cd40bc2ada3a8560993793166,False,False,reverse,0.4,-10.458051681518555,-15.674232482910156,False,False
3239,humaneval_HumanEval/159:1:0:2,real,humaneval,c2e0198e9c3e33b02bcaa6596582cc530d79e52cd40bc2ada3a8560993793166,False,False,random,0.02,-10.581428527832031,-15.749710083007812,False,False
3239,humaneval_HumanEval/159:1:0:2,real,humaneval,c2e0198e9c3e33b02bcaa6596582cc530d79e52cd40bc2ada3a8560993793166,False,False,random,0.05,-10.589546203613281,-15.690914154052734,False,False
3239,humaneval_HumanEval/159:1:0:2,real,humaneval,c2e0198e9c3e33b02bcaa6596582cc530d79e52cd40bc2ada3a8560993793166,False,False,random,0.1,-10.341073036193848,-15.566560745239258,False,False
3239,humaneval_HumanEval/159:1:0:2,real,humaneval,c2e0198e9c3e33b02bcaa6596582cc530d79e52cd40bc2ada3a8560993793166,False,False,random,0.2,-10.581130027770996,-15.712947845458984,False,False
3239,humaneval_HumanEval/159:1:0:2,real,humaneval,c2e0198e9c3e33b02bcaa6596582cc530d79e52cd40bc2ada3a8560993793166,False,False,random,0.4,-10.56578540802002,-15.69417953491211,False,False
3239,humaneval_HumanEval/159:1:0:2,real,humaneval,c2e0198e9c3e33b02bcaa6596582cc530d79e52cd40bc2ada3a8560993793166,False,False,shuffled,0.02,-10.579837799072266,-15.70762825012207,False,False
3239,humaneval_HumanEval/159:1:0:2,real,humaneval,c2e0198e9c3e33b02bcaa6596582cc530d79e52cd40bc2ada3a8560993793166,False,False,shuffled,0.05,-10.584115028381348,-15.750940322875977,False,False
3239,humaneval_HumanEval/159:1:0:2,real,humaneval,c2e0198e9c3e33b02bcaa6596582cc530d79e52cd40bc2ada3a8560993793166,False,False,shuffled,0.1,-10.540505409240723,-15.639171600341797,False,False
3239,humaneval_HumanEval/159:1:0:2,real,humaneval,c2e0198e9c3e33b02bcaa6596582cc530d79e52cd40bc2ada3a8560993793166,False,False,shuffled,0.2,-10.58061695098877,-15.689103126525879,False,False
3239,humaneval_HumanEval/159:1:0:2,real,humaneval,c2e0198e9c3e33b02bcaa6596582cc530d79e52cd40bc2ada3a8560993793166,False,False,shuffled,0.4,-10.451717376708984,-15.572723388671875,False,False
3239,humaneval_HumanEval/159:1:0:2,real,humaneval,c2e0198e9c3e33b02bcaa6596582cc530d79e52cd40bc2ada3a8560993793166,False,False,wrong_site,0.02,-10.582586288452148,-15.719204902648926,False,False
3239,humaneval_HumanEval/159:1:0:2,real,humaneval,c2e0198e9c3e33b02bcaa6596582cc530d79e52cd40bc2ada3a8560993793166,False,False,wrong_site,0.05,-10.46753978729248,-15.598321914672852,False,False
3239,humaneval_HumanEval/159:1:0:2,real,humaneval,c2e0198e9c3e33b02bcaa6596582cc530d79e52cd40bc2ada3a8560993793166,False,False,wrong_site,0.1,-10.47213363647461,-15.598018646240234,False,False
3239,humaneval_HumanEval/159:1:0:2,real,humaneval,c2e0198e9c3e33b02bcaa6596582cc530d79e52cd40bc2ada3a8560993793166,False,False,wrong_site,0.2,-10.393709182739258,-15.527921676635742,False,False
3239,humaneval_HumanEval/159:1:0:2,real,humaneval,c2e0198e9c3e33b02bcaa6596582cc530d79e52cd40bc2ada3a8560993793166,False,False,wrong_site,0.4,-10.468643188476562,-15.600198745727539,False,False
3239,humaneval_HumanEval/159:1:0:2,real,humaneval,c2e0198e9c3e33b02bcaa6596582cc530d79e52cd40bc2ada3a8560993793166,False,False,answer_site,0.02,-10.57825756072998,-15.721983909606934,False,False
3239,humaneval_HumanEval/159:1:0:2,real,humaneval,c2e0198e9c3e33b02bcaa6596582cc530d79e52cd40bc2ada3a8560993793166,False,False,answer_site,0.05,-10.571451187133789,-15.696277618408203,False,False
3239,humaneval_HumanEval/159:1:0:2,real,humaneval,c2e0198e9c3e33b02bcaa6596582cc530d79e52cd40bc2ada3a8560993793166,False,False,answer_site,0.1,-10.642440795898438,-15.567899703979492,False,False
3239,humaneval_HumanEval/159:1:0:2,real,humaneval,c2e0198e9c3e33b02bcaa6596582cc530d79e52cd40bc2ada3a8560993793166,False,False,answer_site,0.2,-10.642112731933594,-15.615442276000977,False,False
3239,humaneval_HumanEval/159:1:0:2,real,humaneval,c2e0198e9c3e33b02bcaa6596582cc530d79e52cd40bc2ada3a8560993793166,False,False,answer_site,0.4,-15.64371109008789,-20.906780242919922,False,False
3239,humaneval_HumanEval/159:1:0:2,real,humaneval,c2e0198e9c3e33b02bcaa6596582cc530d79e52cd40bc2ada3a8560993793166,False,False,actuator_cond,0.02,-10.465694427490234,-15.633668899536133,False,False
3239,humaneval_HumanEval/159:1:0:2,real,humaneval,c2e0198e9c3e33b02bcaa6596582cc530d79e52cd40bc2ada3a8560993793166,False,False,actuator_cond,0.05,-10.475330352783203,-15.752277374267578,False,False
3239,humaneval_HumanEval/159:1:0:2,real,humaneval,c2e0198e9c3e33b02bcaa6596582cc530d79e52cd40bc2ada3a8560993793166,False,False,actuator_cond,0.1,-10.582623481750488,-15.726665496826172,False,False
3239,humaneval_HumanEval/159:1:0:2,real,humaneval,c2e0198e9c3e33b02bcaa6596582cc530d79e52cd40bc2ada3a8560993793166,False,False,actuator_cond,0.2,-10.546974182128906,-15.742437362670898,False,False
3239,humaneval_HumanEval/159:1:0:2,real,humaneval,c2e0198e9c3e33b02bcaa6596582cc530d79e52cd40bc2ada3a8560993793166,False,False,actuator_cond,0.4,-10.233001708984375,-15.835044860839844,False,False
3239,humaneval_HumanEval/159:1:0:2,real,humaneval,c2e0198e9c3e33b02bcaa6596582cc530d79e52cd40bc2ada3a8560993793166,False,False,actuator_answer,0.02,-10.510616302490234,-15.643848419189453,False,False
3239,humaneval_HumanEval/159:1:0:2,real,humaneval,c2e0198e9c3e33b02bcaa6596582cc530d79e52cd40bc2ada3a8560993793166,False,False,actuator_answer,0.05,-10.569439888000488,-15.517346382141113,False,False
3239,humaneval_HumanEval/159:1:0:2,real,humaneval,c2e0198e9c3e33b02bcaa6596582cc530d79e52cd40bc2ada3a8560993793166,False,False,actuator_answer,0.1,-10.553328514099121,-15.487459182739258,False,False
3239,humaneval_HumanEval/159:1:0:2,real,humaneval,c2e0198e9c3e33b02bcaa6596582cc530d79e52cd40bc2ada3a8560993793166,False,False,actuator_answer,0.2,-10.452337265014648,-15.529214859008789,False,False
3239,humaneval_HumanEval/159:1:0:2,real,humaneval,c2e0198e9c3e33b02bcaa6596582cc530d79e52cd40bc2ada3a8560993793166,False,False,actuator_answer,0.4,-14.635259628295898,-19.85009002685547,False,False
3240,humaneval_HumanEval/159:4:0:0,real,humaneval,c2e0198e9c3e33b02bcaa6596582cc530d79e52cd40bc2ada3a8560993793166,True,False,baseline,0.0,-12.053960800170898,-10.720582962036133,False,False
3240,humaneval_HumanEval/159:4:0:0,real,humaneval,c2e0198e9c3e33b02bcaa6596582cc530d79e52cd40bc2ada3a8560993793166,True,False,semantic,0.02,-11.92324447631836,-10.869518280029297,False,False
3240,humaneval_HumanEval/159:4:0:0,real,humaneval,c2e0198e9c3e33b02bcaa6596582cc530d79e52cd40bc2ada3a8560993793166,True,False,semantic,0.05,-11.922622680664062,-10.851262092590332,False,False
3240,humaneval_HumanEval/159:4:0:0,real,humaneval,c2e0198e9c3e33b02bcaa6596582cc530d79e52cd40bc2ada3a8560993793166,True,False,semantic,0.1,-11.912163734436035,-10.703240394592285,False,False
3240,humaneval_HumanEval/159:4:0:0,real,humaneval,c2e0198e9c3e33b02bcaa6596582cc530d79e52cd40bc2ada3a8560993793166,True,False,semantic,0.2,-12.016242980957031,-10.850704193115234,False,False
3240,humaneval_HumanEval/159:4:0:0,real,humaneval,c2e0198e9c3e33b02bcaa6596582cc530d79e52cd40bc2ada3a8560993793166,True,False,semantic,0.4,-12.073789596557617,-10.847671508789062,False,False
3240,humaneval_HumanEval/159:4:0:0,real,humaneval,c2e0198e9c3e33b02bcaa6596582cc530d79e52cd40bc2ada3a8560993793166,True,False,reverse,0.02,-12.106900215148926,-10.757165908813477,False,False
3240,humaneval_HumanEval/159:4:0:0,real,humaneval,c2e0198e9c3e33b02bcaa6596582cc530d79e52cd40bc2ada3a8560993793166,True,False,reverse,0.05,-11.984771728515625,-10.833093643188477,False,False
3240,humaneval_HumanEval/159:4:0:0,real,humaneval,c2e0198e9c3e33b02bcaa6596582cc530d79e52cd40bc2ada3a8560993793166,True,False,reverse,0.1,-11.951384544372559,-10.837690353393555,False,False
3240,humaneval_HumanEval/159:4:0:0,real,humaneval,c2e0198e9c3e33b02bcaa6596582cc530d79e52cd40bc2ada3a8560993793166,True,False,reverse,0.2,-11.946170806884766,-10.760724067687988,False,False
3240,humaneval_HumanEval/159:4:0:0,real,humaneval,c2e0198e9c3e33b02bcaa6596582cc530d79e52cd40bc2ada3a8560993793166,True,False,reverse,0.4,-12.100213050842285,-10.704519271850586,False,False
3240,humaneval_HumanEval/159:4:0:0,real,humaneval,c2e0198e9c3e33b02bcaa6596582cc530d79e52cd40bc2ada3a8560993793166,True,False,random,0.02,-12.055636405944824,-10.792367935180664,False,False
3240,humaneval_HumanEval/159:4:0:0,real,humaneval,c2e0198e9c3e33b02bcaa6596582cc530d79e52cd40bc2ada3a8560993793166,True,False,random,0.05,-11.971160888671875,-10.836956024169922,False,False
3240,humaneval_HumanEval/159:4:0:0,real,humaneval,c2e0198e9c3e33b02bcaa6596582cc530d79e52cd40bc2ada3a8560993793166,True,False,random,0.1,-11.961433410644531,-10.75789737701416,False,False
3240,humaneval_HumanEval/159:4:0:0,real,humaneval,c2e0198e9c3e33b02bcaa6596582cc530d79e52cd40bc2ada3a8560993793166,True,False,random,0.2,-12.047621726989746,-10.744930267333984,False,False
3240,humaneval_HumanEval/159:4:0:0,real,humaneval,c2e0198e9c3e33b02bcaa6596582cc530d79e52cd40bc2ada3a8560993793166,True,False,random,0.4,-12.173612594604492,-10.715286254882812,False,False
3240,humaneval_HumanEval/159:4:0:0,real,humaneval,c2e0198e9c3e33b02bcaa6596582cc530d79e52cd40bc2ada3a8560993793166,True,False,shuffled,0.02,-12.049797058105469,-10.746641159057617,False,False
3240,humaneval_HumanEval/159:4:0:0,real,humaneval,c2e0198e9c3e33b02bcaa6596582cc530d79e52cd40bc2ada3a8560993793166,True,False,shuffled,0.05,-12.039434432983398,-10.815753936767578,False,False
3240,humaneval_HumanEval/159:4:0:0,real,humaneval,c2e0198e9c3e33b02bcaa6596582cc530d79e52cd40bc2ada3a8560993793166,True,False,shuffled,0.1,-12.054536819458008,-10.848411560058594,False,False
3240,humaneval_HumanEval/159:4:0:0,real,humaneval,c2e0198e9c3e33b02bcaa6596582cc530d79e52cd40bc2ada3a8560993793166,True,False,shuffled,0.2,-11.958951950073242,-10.766331672668457,False,False
3240,humaneval_HumanEval/159:4:0:0,real,humaneval,c2e0198e9c3e33b02bcaa6596582cc530d79e52cd40bc2ada3a8560993793166,True,False,shuffled,0.4,-12.069807052612305,-10.695865631103516,False,False
3240,humaneval_HumanEval/159:4:0:0,real,humaneval,c2e0198e9c3e33b02bcaa6596582cc530d79e52cd40bc2ada3a8560993793166,True,False,wrong_site,0.02,-12.100744247436523,-10.706376075744629,False,False
3240,humaneval_HumanEval/159:4:0:0,real,humaneval,c2e0198e9c3e33b02bcaa6596582cc530d79e52cd40bc2ada3a8560993793166,True,False,wrong_site,0.05,-12.077392578125,-10.877396583557129,False,False
3240,humaneval_HumanEval/159:4:0:0,real,humaneval,c2e0198e9c3e33b02bcaa6596582cc530d79e52cd40bc2ada3a8560993793166,True,False,wrong_site,0.1,-12.073720932006836,-10.713808059692383,False,False
3240,humaneval_HumanEval/159:4:0:0,real,humaneval,c2e0198e9c3e33b02bcaa6596582cc530d79e52cd40bc2ada3a8560993793166,True,False,wrong_site,0.2,-12.072005271911621,-10.817068099975586,False,False
3240,humaneval_HumanEval/159:4:0:0,real,humaneval,c2e0198e9c3e33b02bcaa6596582cc530d79e52cd40bc2ada3a8560993793166,True,False,wrong_site,0.4,-12.043778419494629,-10.819984436035156,False,False
3240,humaneval_HumanEval/159:4:0:0,real,humaneval,c2e0198e9c3e33b02bcaa6596582cc530d79e52cd40bc2ada3a8560993793166,True,False,answer_site,0.02,-11.91627025604248,-10.7077054977417,False,False
3240,humaneval_HumanEval/159:4:0:0,real,humaneval,c2e0198e9c3e33b02bcaa6596582cc530d79e52cd40bc2ada3a8560993793166,True,False,answer_site,0.05,-11.939424514770508,-10.774380683898926,False,False
3240,humaneval_HumanEval/159:4:0:0,real,humaneval,c2e0198e9c3e33b02bcaa6596582cc530d79e52cd40bc2ada3a8560993793166,True,False,answer_site,0.1,-11.992907524108887,-10.85906982421875,False,False
3240,humaneval_HumanEval/159:4:0:0,real,humaneval,c2e0198e9c3e33b02bcaa6596582cc530d79e52cd40bc2ada3a8560993793166,True,False,answer_site,0.2,-11.681581497192383,-10.533568382263184,False,False
3240,humaneval_HumanEval/159:4:0:0,real,humaneval,c2e0198e9c3e33b02bcaa6596582cc530d79e52cd40bc2ada3a8560993793166,True,False,answer_site,0.4,-12.478535652160645,-11.23961067199707,False,False
3240,humaneval_HumanEval/159:4:0:0,real,humaneval,c2e0198e9c3e33b02bcaa6596582cc530d79e52cd40bc2ada3a8560993793166,True,False,actuator_cond,0.02,-11.936047554016113,-10.821046829223633,False,False
3240,humaneval_HumanEval/159:4:0:0,real,humaneval,c2e0198e9c3e33b02bcaa6596582cc530d79e52cd40bc2ada3a8560993793166,True,False,actuator_cond,0.05,-11.977526664733887,-10.724188804626465,False,False
3240,humaneval_HumanEval/159:4:0:0,real,humaneval,c2e0198e9c3e33b02bcaa6596582cc530d79e52cd40bc2ada3a8560993793166,True,False,actuator_cond,0.1,-11.935894012451172,-10.798186302185059,False,False
3240,humaneval_HumanEval/159:4:0:0,real,humaneval,c2e0198e9c3e33b02bcaa6596582cc530d79e52cd40bc2ada3a8560993793166,True,False,actuator_cond,0.2,-12.049985885620117,-10.756961822509766,False,False
3240,humaneval_HumanEval/159:4:0:0,real,humaneval,c2e0198e9c3e33b02bcaa6596582cc530d79e52cd40bc2ada3a8560993793166,True,False,actuator_cond,0.4,-11.748687744140625,-11.106263160705566,False,False
3240,humaneval_HumanEval/159:4:0:0,real,humaneval,c2e0198e9c3e33b02bcaa6596582cc530d79e52cd40bc2ada3a8560993793166,True,False,actuator_answer,0.02,-12.013420104980469,-10.830720901489258,False,False
3240,humaneval_HumanEval/159:4:0:0,real,humaneval,c2e0198e9c3e33b02bcaa6596582cc530d79e52cd40bc2ada3a8560993793166,True,False,actuator_answer,0.05,-12.15093994140625,-10.816699028015137,False,False
3240,humaneval_HumanEval/159:4:0:0,real,humaneval,c2e0198e9c3e33b02bcaa6596582cc530d79e52cd40bc2ada3a8560993793166,True,False,actuator_answer,0.1,-12.029963493347168,-10.898675918579102,False,False
3240,humaneval_HumanEval/159:4:0:0,real,humaneval,c2e0198e9c3e33b02bcaa6596582cc530d79e52cd40bc2ada3a8560993793166,True,False,actuator_answer,0.2,-12.026604652404785,-11.280393600463867,False,False
3240,humaneval_HumanEval/159:4:0:0,real,humaneval,c2e0198e9c3e33b02bcaa6596582cc530d79e52cd40bc2ada3a8560993793166,True,False,actuator_answer,0.4,-23.209875106811523,-24.450817108154297,False,False
3241,humaneval_HumanEval/159:4:0:1,real,humaneval,c2e0198e9c3e33b02bcaa6596582cc530d79e52cd40bc2ada3a8560993793166,False,False,baseline,0.0,-2.9524455070495605,-16.779518127441406,False,False
3241,humaneval_HumanEval/159:4:0:1,real,humaneval,c2e0198e9c3e33b02bcaa6596582cc530d79e52cd40bc2ada3a8560993793166,False,False,semantic,0.02,-2.9679808616638184,-16.67506980895996,False,False
3241,humaneval_HumanEval/159:4:0:1,real,humaneval,c2e0198e9c3e33b02bcaa6596582cc530d79e52cd40bc2ada3a8560993793166,False,False,semantic,0.05,-2.9943785667419434,-16.669015884399414,False,False
3241,humaneval_HumanEval/159:4:0:1,real,humaneval,c2e0198e9c3e33b02bcaa6596582cc530d79e52cd40bc2ada3a8560993793166,False,False,semantic,0.1,-2.9223968982696533,-16.66863250732422,False,False
3241,humaneval_HumanEval/159:4:0:1,real,humaneval,c2e0198e9c3e33b02bcaa6596582cc530d79e52cd40bc2ada3a8560993793166,False,False,semantic,0.2,-2.9946465492248535,-16.665122985839844,False,False
3241,humaneval_HumanEval/159:4:0:1,real,humaneval,c2e0198e9c3e33b02bcaa6596582cc530d79e52cd40bc2ada3a8560993793166,False,False,semantic,0.4,-2.9782557487487793,-16.672618865966797,False,False
3241,humaneval_HumanEval/159:4:0:1,real,humaneval,c2e0198e9c3e33b02bcaa6596582cc530d79e52cd40bc2ada3a8560993793166,False,False,reverse,0.02,-2.966156482696533,-16.67177963256836,False,False
3241,humaneval_HumanEval/159:4:0:1,real,humaneval,c2e0198e9c3e33b02bcaa6596582cc530d79e52cd40bc2ada3a8560993793166,False,False,reverse,0.05,-2.972043514251709,-16.665843963623047,False,False
3241,humaneval_HumanEval/159:4:0:1,real,humaneval,c2e0198e9c3e33b02bcaa6596582cc530d79e52cd40bc2ada3a8560993793166,False,False,reverse,0.1,-2.9314303398132324,-16.563575744628906,False,False
3241,humaneval_HumanEval/159:4:0:1,real,humaneval,c2e0198e9c3e33b02bcaa6596582cc530d79e52cd40bc2ada3a8560993793166,False,False,reverse,0.2,-3.1025686264038086,-16.719514846801758,False,False
3241,humaneval_HumanEval/159:4:0:1,real,humaneval,c2e0198e9c3e33b02bcaa6596582cc530d79e52cd40bc2ada3a8560993793166,False,False,reverse,0.4,-2.824622392654419,-16.579532623291016,False,False
3241,humaneval_HumanEval/159:4:0:1,real,humaneval,c2e0198e9c3e33b02bcaa6596582cc530d79e52cd40bc2ada3a8560993793166,False,False,random,0.02,-2.949674606323242,-16.665943145751953,False,False
3241,humaneval_HumanEval/159:4:0:1,real,humaneval,c2e0198e9c3e33b02bcaa6596582cc530d79e52cd40bc2ada3a8560993793166,False,False,random,0.05,-2.950047492980957,-16.66863441467285,False,False
3241,humaneval_HumanEval/159:4:0:1,real,humaneval,c2e0198e9c3e33b02bcaa6596582cc530d79e52cd40bc2ada3a8560993793166,False,False,random,0.1,-2.9906976222991943,-16.66414451599121,False,False
3241,humaneval_HumanEval/159:4:0:1,real,humaneval,c2e0198e9c3e33b02bcaa6596582cc530d79e52cd40bc2ada3a8560993793166,False,False,random,0.2,-2.9661121368408203,-16.667844772338867,False,False
3241,humaneval_HumanEval/159:4:0:1,real,humaneval,c2e0198e9c3e33b02bcaa6596582cc530d79e52cd40bc2ada3a8560993793166,False,False,random,0.4,-2.9715523719787598,-16.660804748535156,False,False
3241,humaneval_HumanEval/159:4:0:1,real,humaneval,c2e0198e9c3e33b02bcaa6596582cc530d79e52cd40bc2ada3a8560993793166,False,False,shuffled,0.02,-2.9905099868774414,-16.685997009277344,False,False
3241,humaneval_HumanEval/159:4:0:1,real,humaneval,c2e0198e9c3e33b02bcaa6596582cc530d79e52cd40bc2ada3a8560993793166,False,False,shuffled,0.05,-2.991056203842163,-16.66614532470703,False,False
3241,humaneval_HumanEval/159:4:0:1,real,humaneval,c2e0198e9c3e33b02bcaa6596582cc530d79e52cd40bc2ada3a8560993793166,False,False,shuffled,0.1,-2.9913291931152344,-16.68467903137207,False,False
3241,humaneval_HumanEval/159:4:0:1,real,humaneval,c2e0198e9c3e33b02bcaa6596582cc530d79e52cd40bc2ada3a8560993793166,False,False,shuffled,0.2,-2.9768173694610596,-16.776538848876953,False,False
3241,humaneval_HumanEval/159:4:0:1,real,humaneval,c2e0198e9c3e33b02bcaa6596582cc530d79e52cd40bc2ada3a8560993793166,False,False,shuffled,0.4,-3.0254054069519043,-16.638566970825195,False,False
3241,humaneval_HumanEval/159:4:0:1,real,humaneval,c2e0198e9c3e33b02bcaa6596582cc530d79e52cd40bc2ada3a8560993793166,False,False,wrong_site,0.02,-2.922410726547241,-16.672632217407227,False,False
3241,humaneval_HumanEval/159:4:0:1,real,humaneval,c2e0198e9c3e33b02bcaa6596582cc530d79e52cd40bc2ada3a8560993793166,False,False,wrong_site,0.05,-2.9888412952423096,-16.667295455932617,False,False
3241,humaneval_HumanEval/159:4:0:1,real,humaneval,c2e0198e9c3e33b02bcaa6596582cc530d79e52cd40bc2ada3a8560993793166,False,False,wrong_site,0.1,-2.9479198455810547,-16.669626235961914,False,False
3241,humaneval_HumanEval/159:4:0:1,real,humaneval,c2e0198e9c3e33b02bcaa6596582cc530d79e52cd40bc2ada3a8560993793166,False,False,wrong_site,0.2,-2.9907093048095703,-16.670284271240234,False,False
3241,humaneval_HumanEval/159:4:0:1,real,humaneval,c2e0198e9c3e33b02bcaa6596582cc530d79e52cd40bc2ada3a8560993793166,False,False,wrong_site,0.4,-2.9451663494110107,-16.669475555419922,False,False
3241,humaneval_HumanEval/159:4:0:1,real,humaneval,c2e0198e9c3e33b02bcaa6596582cc530d79e52cd40bc2ada3a8560993793166,False,False,answer_site,0.02,-2.984663486480713,-16.63373374938965,False,False
3241,humaneval_HumanEval/159:4:0:1,real,humaneval,c2e0198e9c3e33b02bcaa6596582cc530d79e52cd40bc2ada3a8560993793166,False,False,answer_site,0.05,-2.982905864715576,-16.624799728393555,False,False
3241,humaneval_HumanEval/159:4:0:1,real,humaneval,c2e0198e9c3e33b02bcaa6596582cc530d79e52cd40bc2ada3a8560993793166,False,False,answer_site,0.1,-3.0410921573638916,-16.706666946411133,False,False
3241,humaneval_HumanEval/159:4:0:1,real,humaneval,c2e0198e9c3e33b02bcaa6596582cc530d79e52cd40bc2ada3a8560993793166,False,False,answer_site,0.2,-3.067573308944702,-16.716073989868164,False,False
3241,humaneval_HumanEval/159:4:0:1,real,humaneval,c2e0198e9c3e33b02bcaa6596582cc530d79e52cd40bc2ada3a8560993793166,False,False,answer_site,0.4,-8.061017036437988,-21.697093963623047,False,False
3241,humaneval_HumanEval/159:4:0:1,real,humaneval,c2e0198e9c3e33b02bcaa6596582cc530d79e52cd40bc2ada3a8560993793166,False,False,actuator_cond,0.02,-2.9776229858398438,-16.6683292388916,False,False
3241,humaneval_HumanEval/159:4:0:1,real,humaneval,c2e0198e9c3e33b02bcaa6596582cc530d79e52cd40bc2ada3a8560993793166,False,False,actuator_cond,0.05,-2.9584600925445557,-16.67384910583496,False,False
3241,humaneval_HumanEval/159:4:0:1,real,humaneval,c2e0198e9c3e33b02bcaa6596582cc530d79e52cd40bc2ada3a8560993793166,False,False,actuator_cond,0.1,-2.968722105026245,-16.683368682861328,False,False
3241,humaneval_HumanEval/159:4:0:1,real,humaneval,c2e0198e9c3e33b02bcaa6596582cc530d79e52cd40bc2ada3a8560993793166,False,False,actuator_cond,0.2,-2.9712817668914795,-16.549720764160156,False,False
3241,humaneval_HumanEval/159:4:0:1,real,humaneval,c2e0198e9c3e33b02bcaa6596582cc530d79e52cd40bc2ada3a8560993793166,False,False,actuator_cond,0.4,-3.021010160446167,-16.906352996826172,False,False
3241,humaneval_HumanEval/159:4:0:1,real,humaneval,c2e0198e9c3e33b02bcaa6596582cc530d79e52cd40bc2ada3a8560993793166,False,False,actuator_answer,0.02,-2.9680705070495605,-16.67176628112793,False,False
3241,humaneval_HumanEval/159:4:0:1,real,humaneval,c2e0198e9c3e33b02bcaa6596582cc530d79e52cd40bc2ada3a8560993793166,False,False,actuator_answer,0.05,-2.9173812866210938,-16.504337310791016,False,False
3241,humaneval_HumanEval/159:4:0:1,real,humaneval,c2e0198e9c3e33b02bcaa6596582cc530d79e52cd40bc2ada3a8560993793166,False,False,actuator_answer,0.1,-2.9512441158294678,-16.69647979736328,False,False
3241,humaneval_HumanEval/159:4:0:1,real,humaneval,c2e0198e9c3e33b02bcaa6596582cc530d79e52cd40bc2ada3a8560993793166,False,False,actuator_answer,0.2,-2.8065807819366455,-16.863977432250977,False,False
3241,humaneval_HumanEval/159:4:0:1,real,humaneval,c2e0198e9c3e33b02bcaa6596582cc530d79e52cd40bc2ada3a8560993793166,False,False,actuator_answer,0.4,-5.404610633850098,-19.31078338623047,False,False
3242,humaneval_HumanEval/161:1:1:0,real,humaneval,cd40fc4ba443e535c18eff48858719a022b691a6470797ca3582b8471b9d2b8f,True,False,baseline,0.0,-3.5292344093322754,-4.689014434814453,False,False
3242,humaneval_HumanEval/161:1:1:0,real,humaneval,cd40fc4ba443e535c18eff48858719a022b691a6470797ca3582b8471b9d2b8f,True,False,semantic,0.02,-3.5369179248809814,-4.702583312988281,False,False
3242,humaneval_HumanEval/161:1:1:0,real,humaneval,cd40fc4ba443e535c18eff48858719a022b691a6470797ca3582b8471b9d2b8f,True,False,semantic,0.05,-3.585702896118164,-4.7560577392578125,False,False
3242,humaneval_HumanEval/161:1:1:0,real,humaneval,cd40fc4ba443e535c18eff48858719a022b691a6470797ca3582b8471b9d2b8f,True,False,semantic,0.1,-3.5673089027404785,-4.668990135192871,False,False
3242,humaneval_HumanEval/161:1:1:0,real,humaneval,cd40fc4ba443e535c18eff48858719a022b691a6470797ca3582b8471b9d2b8f,True,False,semantic,0.2,-3.547856330871582,-4.720853328704834,False,False
3242,humaneval_HumanEval/161:1:1:0,real,humaneval,cd40fc4ba443e535c18eff48858719a022b691a6470797ca3582b8471b9d2b8f,True,False,semantic,0.4,-3.415290355682373,-4.625180244445801,False,False
3242,humaneval_HumanEval/161:1:1:0,real,humaneval,cd40fc4ba443e535c18eff48858719a022b691a6470797ca3582b8471b9d2b8f,True,False,reverse,0.02,-3.563567638397217,-4.72344446182251,False,False
3242,humaneval_HumanEval/161:1:1:0,real,humaneval,cd40fc4ba443e535c18eff48858719a022b691a6470797ca3582b8471b9d2b8f,True,False,reverse,0.05,-3.558316707611084,-4.722853660583496,False,False
3242,humaneval_HumanEval/161:1:1:0,real,humaneval,cd40fc4ba443e535c18eff48858719a022b691a6470797ca3582b8471b9d2b8f,True,False,reverse,0.1,-3.5604705810546875,-4.722904205322266,False,False
3242,humaneval_HumanEval/161:1:1:0,real,humaneval,cd40fc4ba443e535c18eff48858719a022b691a6470797ca3582b8471b9d2b8f,True,False,reverse,0.2,-3.5596632957458496,-4.720991134643555,False,False
3242,humaneval_HumanEval/161:1:1:0,real,humaneval,cd40fc4ba443e535c18eff48858719a022b691a6470797ca3582b8471b9d2b8f,True,False,reverse,0.4,-3.5612502098083496,-4.666005611419678,False,False
3242,humaneval_HumanEval/161:1:1:0,real,humaneval,cd40fc4ba443e535c18eff48858719a022b691a6470797ca3582b8471b9d2b8f,True,False,random,0.02,-3.593090295791626,-4.758841514587402,False,False
3242,humaneval_HumanEval/161:1:1:0,real,humaneval,cd40fc4ba443e535c18eff48858719a022b691a6470797ca3582b8471b9d2b8f,True,False,random,0.05,-3.586986541748047,-4.688983917236328,False,False
3242,humaneval_HumanEval/161:1:1:0,real,humaneval,cd40fc4ba443e535c18eff48858719a022b691a6470797ca3582b8471b9d2b8f,True,False,random,0.1,-3.5913023948669434,-4.692426681518555,False,False
3242,humaneval_HumanEval/161:1:1:0,real,humaneval,cd40fc4ba443e535c18eff48858719a022b691a6470797ca3582b8471b9d2b8f,True,False,random,0.2,-3.5959112644195557,-4.750825881958008,False,False
3242,humaneval_HumanEval/161:1:1:0,real,humaneval,cd40fc4ba443e535c18eff48858719a022b691a6470797ca3582b8471b9d2b8f,True,False,random,0.4,-3.584799289703369,-4.686164379119873,False,False
3242,humaneval_HumanEval/161:1:1:0,real,humaneval,cd40fc4ba443e535c18eff48858719a022b691a6470797ca3582b8471b9d2b8f,True,False,shuffled,0.02,-3.544434070587158,-4.7090678215026855,False,False
3242,humaneval_HumanEval/161:1:1:0,real,humaneval,cd40fc4ba443e535c18eff48858719a022b691a6470797ca3582b8471b9d2b8f,True,False,shuffled,0.05,-3.6240041255950928,-4.725839614868164,False,False
3242,humaneval_HumanEval/161:1:1:0,real,humaneval,cd40fc4ba443e535c18eff48858719a022b691a6470797ca3582b8471b9d2b8f,True,False,shuffled,0.1,-3.6260781288146973,-4.721647262573242,False,False
3242,humaneval_HumanEval/161:1:1:0,real,humaneval,cd40fc4ba443e535c18eff48858719a022b691a6470797ca3582b8471b9d2b8f,True,False,shuffled,0.2,-3.5785129070281982,-4.675972938537598,False,False
3242,humaneval_HumanEval/161:1:1:0,real,humaneval,cd40fc4ba443e535c18eff48858719a022b691a6470797ca3582b8471b9d2b8f,True,False,shuffled,0.4,-3.5239522457122803,-4.680214881896973,False,False
3242,humaneval_HumanEval/161:1:1:0,real,humaneval,cd40fc4ba443e535c18eff48858719a022b691a6470797ca3582b8471b9d2b8f,True,False,wrong_site,0.02,-3.6031670570373535,-4.762385368347168,False,False
3242,humaneval_HumanEval/161:1:1:0,real,humaneval,cd40fc4ba443e535c18eff48858719a022b691a6470797ca3582b8471b9d2b8f,True,False,wrong_site,0.05,-3.555790901184082,-4.71964693069458,False,False
3242,humaneval_HumanEval/161:1:1:0,real,humaneval,cd40fc4ba443e535c18eff48858719a022b691a6470797ca3582b8471b9d2b8f,True,False,wrong_site,0.1,-3.6184611320495605,-4.716745376586914,False,False
3242,humaneval_HumanEval/161:1:1:0,real,humaneval,cd40fc4ba443e535c18eff48858719a022b691a6470797ca3582b8471b9d2b8f,True,False,wrong_site,0.2,-3.641453504562378,-4.741415977478027,False,False
3242,humaneval_HumanEval/161:1:1:0,real,humaneval,cd40fc4ba443e535c18eff48858719a022b691a6470797ca3582b8471b9d2b8f,True,False,wrong_site,0.4,-3.444701671600342,-4.547825813293457,False,False
3242,humaneval_HumanEval/161:1:1:0,real,humaneval,cd40fc4ba443e535c18eff48858719a022b691a6470797ca3582b8471b9d2b8f,True,False,answer_site,0.02,-3.572462320327759,-4.6087846755981445,False,False
3242,humaneval_HumanEval/161:1:1:0,real,humaneval,cd40fc4ba443e535c18eff48858719a022b691a6470797ca3582b8471b9d2b8f,True,False,answer_site,0.05,-3.6275224685668945,-4.66855525970459,False,False
3242,humaneval_HumanEval/161:1:1:0,real,humaneval,cd40fc4ba443e535c18eff48858719a022b691a6470797ca3582b8471b9d2b8f,True,False,answer_site,0.1,-3.616710662841797,-4.59610652923584,False,False
3242,humaneval_HumanEval/161:1:1:0,real,humaneval,cd40fc4ba443e535c18eff48858719a022b691a6470797ca3582b8471b9d2b8f,True,False,answer_site,0.2,-3.387052059173584,-4.304930210113525,False,False
3242,humaneval_HumanEval/161:1:1:0,real,humaneval,cd40fc4ba443e535c18eff48858719a022b691a6470797ca3582b8471b9d2b8f,True,False,answer_site,0.4,-3.3823015689849854,-4.237878799438477,False,False
3242,humaneval_HumanEval/161:1:1:0,real,humaneval,cd40fc4ba443e535c18eff48858719a022b691a6470797ca3582b8471b9d2b8f,True,False,actuator_cond,0.02,-3.5533523559570312,-4.717079162597656,False,False
3242,humaneval_HumanEval/161:1:1:0,real,humaneval,cd40fc4ba443e535c18eff48858719a022b691a6470797ca3582b8471b9d2b8f,True,False,actuator_cond,0.05,-3.5553855895996094,-4.722436904907227,False,False
3242,humaneval_HumanEval/161:1:1:0,real,humaneval,cd40fc4ba443e535c18eff48858719a022b691a6470797ca3582b8471b9d2b8f,True,False,actuator_cond,0.1,-3.5486695766448975,-4.709628105163574,False,False
3242,humaneval_HumanEval/161:1:1:0,real,humaneval,cd40fc4ba443e535c18eff48858719a022b691a6470797ca3582b8471b9d2b8f,True,False,actuator_cond,0.2,-3.552521228790283,-4.713483810424805,False,False
3242,humaneval_HumanEval/161:1:1:0,real,humaneval,cd40fc4ba443e535c18eff48858719a022b691a6470797ca3582b8471b9d2b8f,True,False,actuator_cond,0.4,-3.5033698081970215,-4.965869903564453,False,False
3242,humaneval_HumanEval/161:1:1:0,real,humaneval,cd40fc4ba443e535c18eff48858719a022b691a6470797ca3582b8471b9d2b8f,True,False,actuator_answer,0.02,-3.646822929382324,-4.686007499694824,False,False
3242,humaneval_HumanEval/161:1:1:0,real,humaneval,cd40fc4ba443e535c18eff48858719a022b691a6470797ca3582b8471b9d2b8f,True,False,actuator_answer,0.05,-3.7176356315612793,-4.746865272521973,False,False
3242,humaneval_HumanEval/161:1:1:0,real,humaneval,cd40fc4ba443e535c18eff48858719a022b691a6470797ca3582b8471b9d2b8f,True,False,actuator_answer,0.1,-3.8758702278137207,-4.915338039398193,False,False
3242,humaneval_HumanEval/161:1:1:0,real,humaneval,cd40fc4ba443e535c18eff48858719a022b691a6470797ca3582b8471b9d2b8f,True,False,actuator_answer,0.2,-4.18113899230957,-5.295114040374756,False,False
3242,humaneval_HumanEval/161:1:1:0,real,humaneval,cd40fc4ba443e535c18eff48858719a022b691a6470797ca3582b8471b9d2b8f,True,False,actuator_answer,0.4,-11.428765296936035,-13.047825813293457,False,False
3243,humaneval_HumanEval/161:1:1:1,real,humaneval,cd40fc4ba443e535c18eff48858719a022b691a6470797ca3582b8471b9d2b8f,False,False,baseline,0.0,-8.425140380859375,-9.759376525878906,False,False
3243,humaneval_HumanEval/161:1:1:1,real,humaneval,cd40fc4ba443e535c18eff48858719a022b691a6470797ca3582b8471b9d2b8f,False,False,semantic,0.02,-8.381946563720703,-9.668886184692383,False,False
3243,humaneval_HumanEval/161:1:1:1,real,humaneval,cd40fc4ba443e535c18eff48858719a022b691a6470797ca3582b8471b9d2b8f,False,False,semantic,0.05,-8.41730785369873,-9.757628440856934,False,False
3243,humaneval_HumanEval/161:1:1:1,real,humaneval,cd40fc4ba443e535c18eff48858719a022b691a6470797ca3582b8471b9d2b8f,False,False,semantic,0.1,-8.389427185058594,-9.756733894348145,False,False
3243,humaneval_HumanEval/161:1:1:1,real,humaneval,cd40fc4ba443e535c18eff48858719a022b691a6470797ca3582b8471b9d2b8f,False,False,semantic,0.2,-8.43586540222168,-9.728073120117188,False,False
3243,humaneval_HumanEval/161:1:1:1,real,humaneval,cd40fc4ba443e535c18eff48858719a022b691a6470797ca3582b8471b9d2b8f,False,False,semantic,0.4,-8.441818237304688,-9.70097541809082,False,False
3243,humaneval_HumanEval/161:1:1:1,real,humaneval,cd40fc4ba443e535c18eff48858719a022b691a6470797ca3582b8471b9d2b8f,False,False,reverse,0.02,-8.421926498413086,-9.69314193725586,False,False
3243,humaneval_HumanEval/161:1:1:1,real,humaneval,cd40fc4ba443e535c18eff48858719a022b691a6470797ca3582b8471b9d2b8f,False,False,reverse,0.05,-8.428852081298828,-9.747238159179688,False,False
3243,humaneval_HumanEval/161:1:1:1,real,humaneval,cd40fc4ba443e535c18eff48858719a022b691a6470797ca3582b8471b9d2b8f,False,False,reverse,0.1,-8.379928588867188,-9.692708969116211,False,False
3243,humaneval_HumanEval/161:1:1:1,real,humaneval,cd40fc4ba443e535c18eff48858719a022b691a6470797ca3582b8471b9d2b8f,False,False,reverse,0.2,-8.447839736938477,-9.751742362976074,False,False
3243,humaneval_HumanEval/161:1:1:1,real,humaneval,cd40fc4ba443e535c18eff48858719a022b691a6470797ca3582b8471b9d2b8f,False,False,reverse,0.4,-8.43899154663086,-9.720928192138672,False,False
3243,humaneval_HumanEval/161:1:1:1,real,humaneval,cd40fc4ba443e535c18eff48858719a022b691a6470797ca3582b8471b9d2b8f,False,False,random,0.02,-8.393671035766602,-9.734947204589844,False,False
3243,humaneval_HumanEval/161:1:1:1,real,humaneval,cd40fc4ba443e535c18eff48858719a022b691a6470797ca3582b8471b9d2b8f,False,False,random,0.05,-8.430781364440918,-9.753332138061523,False,False
3243,humaneval_HumanEval/161:1:1:1,real,humaneval,cd40fc4ba443e535c18eff48858719a022b691a6470797ca3582b8471b9d2b8f,False,False,random,0.1,-8.441420555114746,-9.711830139160156,False,False
3243,humaneval_HumanEval/161:1:1:1,real,humaneval,cd40fc4ba443e535c18eff48858719a022b691a6470797ca3582b8471b9d2b8f,False,False,random,0.2,-8.396448135375977,-9.705554962158203,False,False
3243,humaneval_HumanEval/161:1:1:1,real,humaneval,cd40fc4ba443e535c18eff48858719a022b691a6470797ca3582b8471b9d2b8f,False,False,random,0.4,-8.431644439697266,-9.764762878417969,False,False
3243,humaneval_HumanEval/161:1:1:1,real,humaneval,cd40fc4ba443e535c18eff48858719a022b691a6470797ca3582b8471b9d2b8f,False,False,shuffled,0.02,-8.42142391204834,-9.703588485717773,False,False
3243,humaneval_HumanEval/161:1:1:1,real,humaneval,cd40fc4ba443e535c18eff48858719a022b691a6470797ca3582b8471b9d2b8f,False,False,shuffled,0.05,-8.429034233093262,-9.737894058227539,False,False
3243,humaneval_HumanEval/161:1:1:1,real,humaneval,cd40fc4ba443e535c18eff48858719a022b691a6470797ca3582b8471b9d2b8f,False,False,shuffled,0.1,-8.408342361450195,-9.707980155944824,False,False
3243,humaneval_HumanEval/161:1:1:1,real,humaneval,cd40fc4ba443e535c18eff48858719a022b691a6470797ca3582b8471b9d2b8f,False,False,shuffled,0.2,-8.465912818908691,-9.735579490661621,False,False
3243,humaneval_HumanEval/161:1:1:1,real,humaneval,cd40fc4ba443e535c18eff48858719a022b691a6470797ca3582b8471b9d2b8f,False,False,shuffled,0.4,-8.355611801147461,-9.725081443786621,False,False
3243,humaneval_HumanEval/161:1:1:1,real,humaneval,cd40fc4ba443e535c18eff48858719a022b691a6470797ca3582b8471b9d2b8f,False,False,wrong_site,0.02,-8.46823787689209,-9.708580017089844,False,False
3243,humaneval_HumanEval/161:1:1:1,real,humaneval,cd40fc4ba443e535c18eff48858719a022b691a6470797ca3582b8471b9d2b8f,False,False,wrong_site,0.05,-8.477643013000488,-9.741262435913086,False,False
3243,humaneval_HumanEval/161:1:1:1,real,humaneval,cd40fc4ba443e535c18eff48858719a022b691a6470797ca3582b8471b9d2b8f,False,False,wrong_site,0.1,-8.456308364868164,-9.76300048828125,False,False
3243,humaneval_HumanEval/161:1:1:1,real,humaneval,cd40fc4ba443e535c18eff48858719a022b691a6470797ca3582b8471b9d2b8f,False,False,wrong_site,0.2,-8.44767951965332,-9.731499671936035,False,False
3243,humaneval_HumanEval/161:1:1:1,real,humaneval,cd40fc4ba443e535c18eff48858719a022b691a6470797ca3582b8471b9d2b8f,False,False,wrong_site,0.4,-8.420380592346191,-9.740121841430664,False,False
3243,humaneval_HumanEval/161:1:1:1,real,humaneval,cd40fc4ba443e535c18eff48858719a022b691a6470797ca3582b8471b9d2b8f,False,False,answer_site,0.02,-8.474652290344238,-9.677142143249512,False,False
3243,humaneval_HumanEval/161:1:1:1,real,humaneval,cd40fc4ba443e535c18eff48858719a022b691a6470797ca3582b8471b9d2b8f,False,False,answer_site,0.05,-8.409770965576172,-9.720331192016602,False,False
3243,humaneval_HumanEval/161:1:1:1,real,humaneval,cd40fc4ba443e535c18eff48858719a022b691a6470797ca3582b8471b9d2b8f,False,False,answer_site,0.1,-8.420628547668457,-9.685188293457031,False,False
3243,humaneval_HumanEval/161:1:1:1,real,humaneval,cd40fc4ba443e535c18eff48858719a022b691a6470797ca3582b8471b9d2b8f,False,False,answer_site,0.2,-8.408919334411621,-9.603534698486328,False,False
3243,humaneval_HumanEval/161:1:1:1,real,humaneval,cd40fc4ba443e535c18eff48858719a022b691a6470797ca3582b8471b9d2b8f,False,False,answer_site,0.4,-9.722652435302734,-10.940923690795898,False,False
3243,humaneval_HumanEval/161:1:1:1,real,humaneval,cd40fc4ba443e535c18eff48858719a022b691a6470797ca3582b8471b9d2b8f,False,False,actuator_cond,0.02,-8.423537254333496,-9.765073776245117,False,False
3243,humaneval_HumanEval/161:1:1:1,real,humaneval,cd40fc4ba443e535c18eff48858719a022b691a6470797ca3582b8471b9d2b8f,False,False,actuator_cond,0.05,-8.389942169189453,-9.711934089660645,False,False
3243,humaneval_HumanEval/161:1:1:1,real,humaneval,cd40fc4ba443e535c18eff48858719a022b691a6470797ca3582b8471b9d2b8f,False,False,actuator_cond,0.1,-8.411474227905273,-9.75599479675293,False,False
3243,humaneval_HumanEval/161:1:1:1,real,humaneval,cd40fc4ba443e535c18eff48858719a022b691a6470797ca3582b8471b9d2b8f,False,False,actuator_cond,0.2,-8.513511657714844,-9.853062629699707,False,False
3243,humaneval_HumanEval/161:1:1:1,real,humaneval,cd40fc4ba443e535c18eff48858719a022b691a6470797ca3582b8471b9d2b8f,False,False,actuator_cond,0.4,-8.765067100524902,-10.513729095458984,False,False
3243,humaneval_HumanEval/161:1:1:1,real,humaneval,cd40fc4ba443e535c18eff48858719a022b691a6470797ca3582b8471b9d2b8f,False,False,actuator_answer,0.02,-8.412189483642578,-9.721429824829102,False,False
3243,humaneval_HumanEval/161:1:1:1,real,humaneval,cd40fc4ba443e535c18eff48858719a022b691a6470797ca3582b8471b9d2b8f,False,False,actuator_answer,0.05,-8.357002258300781,-9.70028305053711,False,False
3243,humaneval_HumanEval/161:1:1:1,real,humaneval,cd40fc4ba443e535c18eff48858719a022b691a6470797ca3582b8471b9d2b8f,False,False,actuator_answer,0.1,-8.277786254882812,-9.614924430847168,False,False
3243,humaneval_HumanEval/161:1:1:1,real,humaneval,cd40fc4ba443e535c18eff48858719a022b691a6470797ca3582b8471b9d2b8f,False,False,actuator_answer,0.2,-8.277775764465332,-9.317469596862793,False,False
3243,humaneval_HumanEval/161:1:1:1,real,humaneval,cd40fc4ba443e535c18eff48858719a022b691a6470797ca3582b8471b9d2b8f,False,False,actuator_answer,0.4,-34.62550354003906,-36.17724609375,False,False
3244,humaneval_HumanEval/161:1:1:2,real,humaneval,cd40fc4ba443e535c18eff48858719a022b691a6470797ca3582b8471b9d2b8f,False,False,baseline,0.0,-6.3696088790893555,-11.179227828979492,False,False
3244,humaneval_HumanEval/161:1:1:2,real,humaneval,cd40fc4ba443e535c18eff48858719a022b691a6470797ca3582b8471b9d2b8f,False,False,semantic,0.02,-6.402130126953125,-11.1975736618042,False,False
3244,humaneval_HumanEval/161:1:1:2,real,humaneval,cd40fc4ba443e535c18eff48858719a022b691a6470797ca3582b8471b9d2b8f,False,False,semantic,0.05,-6.469380855560303,-11.213052749633789,False,False
3244,humaneval_HumanEval/161:1:1:2,real,humaneval,cd40fc4ba443e535c18eff48858719a022b691a6470797ca3582b8471b9d2b8f,False,False,semantic,0.1,-6.407814979553223,-11.227494239807129,False,False
3244,humaneval_HumanEval/161:1:1:2,real,humaneval,cd40fc4ba443e535c18eff48858719a022b691a6470797ca3582b8471b9d2b8f,False,False,semantic,0.2,-6.306713104248047,-11.171255111694336,False,False
3244,humaneval_HumanEval/161:1:1:2,real,humaneval,cd40fc4ba443e535c18eff48858719a022b691a6470797ca3582b8471b9d2b8f,False,False,semantic,0.4,-6.438385963439941,-11.263567924499512,False,False
3244,humaneval_HumanEval/161:1:1:2,real,humaneval,cd40fc4ba443e535c18eff48858719a022b691a6470797ca3582b8471b9d2b8f,False,False,reverse,0.02,-6.522588729858398,-11.188920021057129,False,False
3244,humaneval_HumanEval/161:1:1:2,real,humaneval,cd40fc4ba443e535c18eff48858719a022b691a6470797ca3582b8471b9d2b8f,False,False,reverse,0.05,-6.418105125427246,-11.204771995544434,False,False
3244,humaneval_HumanEval/161:1:1:2,real,humaneval,cd40fc4ba443e535c18eff48858719a022b691a6470797ca3582b8471b9d2b8f,False,False,reverse,0.1,-6.414772033691406,-11.167740821838379,False,False
3244,humaneval_HumanEval/161:1:1:2,real,humaneval,cd40fc4ba443e535c18eff48858719a022b691a6470797ca3582b8471b9d2b8f,False,False,reverse,0.2,-6.4107465744018555,-11.152304649353027,False,False
3244,humaneval_HumanEval/161:1:1:2,real,humaneval,cd40fc4ba443e535c18eff48858719a022b691a6470797ca3582b8471b9d2b8f,False,False,reverse,0.4,-6.424325942993164,-11.230851173400879,False,False
3244,humaneval_HumanEval/161:1:1:2,real,humaneval,cd40fc4ba443e535c18eff48858719a022b691a6470797ca3582b8471b9d2b8f,False,False,random,0.02,-6.4228363037109375,-11.156595230102539,False,False
3244,humaneval_HumanEval/161:1:1:2,real,humaneval,cd40fc4ba443e535c18eff48858719a022b691a6470797ca3582b8471b9d2b8f,False,False,random,0.05,-6.421004772186279,-11.17342758178711,False,False
3244,humaneval_HumanEval/161:1:1:2,real,humaneval,cd40fc4ba443e535c18eff48858719a022b691a6470797ca3582b8471b9d2b8f,False,False,random,0.1,-6.4117231369018555,-11.169370651245117,False,False
3244,humaneval_HumanEval/161:1:1:2,real,humaneval,cd40fc4ba443e535c18eff48858719a022b691a6470797ca3582b8471b9d2b8f,False,False,random,0.2,-6.407097816467285,-11.199405670166016,False,False
3244,humaneval_HumanEval/161:1:1:2,real,humaneval,cd40fc4ba443e535c18eff48858719a022b691a6470797ca3582b8471b9d2b8f,False,False,random,0.4,-6.406888008117676,-11.198208808898926,False,False
3244,humaneval_HumanEval/161:1:1:2,real,humaneval,cd40fc4ba443e535c18eff48858719a022b691a6470797ca3582b8471b9d2b8f,False,False,shuffled,0.02,-6.415326118469238,-11.198095321655273,False,False
3244,humaneval_HumanEval/161:1:1:2,real,humaneval,cd40fc4ba443e535c18eff48858719a022b691a6470797ca3582b8471b9d2b8f,False,False,shuffled,0.05,-6.389527320861816,-11.141817092895508,False,False
3244,humaneval_HumanEval/161:1:1:2,real,humaneval,cd40fc4ba443e535c18eff48858719a022b691a6470797ca3582b8471b9d2b8f,False,False,shuffled,0.1,-6.453962326049805,-11.153668403625488,False,False
3244,humaneval_HumanEval/161:1:1:2,real,humaneval,cd40fc4ba443e535c18eff48858719a022b691a6470797ca3582b8471b9d2b8f,False,False,shuffled,0.2,-6.3153252601623535,-11.174016952514648,False,False
3244,humaneval_HumanEval/161:1:1:2,real,humaneval,cd40fc4ba443e535c18eff48858719a022b691a6470797ca3582b8471b9d2b8f,False,False,shuffled,0.4,-6.31204891204834,-11.026968002319336,False,False
3244,humaneval_HumanEval/161:1:1:2,real,humaneval,cd40fc4ba443e535c18eff48858719a022b691a6470797ca3582b8471b9d2b8f,False,False,wrong_site,0.02,-6.357080936431885,-11.182456970214844,False,False
3244,humaneval_HumanEval/161:1:1:2,real,humaneval,cd40fc4ba443e535c18eff48858719a022b691a6470797ca3582b8471b9d2b8f,False,False,wrong_site,0.05,-6.487644195556641,-11.14809799194336,False,False
3244,humaneval_HumanEval/161:1:1:2,real,humaneval,cd40fc4ba443e535c18eff48858719a022b691a6470797ca3582b8471b9d2b8f,False,False,wrong_site,0.1,-6.401817798614502,-11.177999496459961,False,False
3244,humaneval_HumanEval/161:1:1:2,real,humaneval,cd40fc4ba443e535c18eff48858719a022b691a6470797ca3582b8471b9d2b8f,False,False,wrong_site,0.2,-6.475137233734131,-11.28019905090332,False,False
3244,humaneval_HumanEval/161:1:1:2,real,humaneval,cd40fc4ba443e535c18eff48858719a022b691a6470797ca3582b8471b9d2b8f,False,False,wrong_site,0.4,-6.471517086029053,-11.27684211730957,False,False
3244,humaneval_HumanEval/161:1:1:2,real,humaneval,cd40fc4ba443e535c18eff48858719a022b691a6470797ca3582b8471b9d2b8f,False,False,answer_site,0.02,-6.4100728034973145,-11.187471389770508,False,False
3244,humaneval_HumanEval/161:1:1:2,real,humaneval,cd40fc4ba443e535c18eff48858719a022b691a6470797ca3582b8471b9d2b8f,False,False,answer_site,0.05,-6.347317695617676,-11.169490814208984,False,False
3244,humaneval_HumanEval/161:1:1:2,real,humaneval,cd40fc4ba443e535c18eff48858719a022b691a6470797ca3582b8471b9d2b8f,False,False,answer_site,0.1,-6.422806739807129,-11.140704154968262,False,False
3244,humaneval_HumanEval/161:1:1:2,real,humaneval,cd40fc4ba443e535c18eff48858719a022b691a6470797ca3582b8471b9d2b8f,False,False,answer_site,0.2,-6.398348808288574,-11.052860260009766,False,False
3244,humaneval_HumanEval/161:1:1:2,real,humaneval,cd40fc4ba443e535c18eff48858719a022b691a6470797ca3582b8471b9d2b8f,False,False,answer_site,0.4,-7.708082675933838,-12.541375160217285,False,False
3244,humaneval_HumanEval/161:1:1:2,real,humaneval,cd40fc4ba443e535c18eff48858719a022b691a6470797ca3582b8471b9d2b8f,False,False,actuator_cond,0.02,-6.436468124389648,-11.153128623962402,False,False
3244,humaneval_HumanEval/161:1:1:2,real,humaneval,cd40fc4ba443e535c18eff48858719a022b691a6470797ca3582b8471b9d2b8f,False,False,actuator_cond,0.05,-6.454597473144531,-11.15988540649414,False,False
3244,humaneval_HumanEval/161:1:1:2,real,humaneval,cd40fc4ba443e535c18eff48858719a022b691a6470797ca3582b8471b9d2b8f,False,False,actuator_cond,0.1,-6.351726531982422,-11.217894554138184,False,False
3244,humaneval_HumanEval/161:1:1:2,real,humaneval,cd40fc4ba443e535c18eff48858719a022b691a6470797ca3582b8471b9d2b8f,False,False,actuator_cond,0.2,-6.350500106811523,-11.151078224182129,False,False
3244,humaneval_HumanEval/161:1:1:2,real,humaneval,cd40fc4ba443e535c18eff48858719a022b691a6470797ca3582b8471b9d2b8f,False,False,actuator_cond,0.4,-6.260791301727295,-11.227487564086914,False,False
3244,humaneval_HumanEval/161:1:1:2,real,humaneval,cd40fc4ba443e535c18eff48858719a022b691a6470797ca3582b8471b9d2b8f,False,False,actuator_answer,0.02,-6.413838863372803,-11.201662063598633,False,False
3244,humaneval_HumanEval/161:1:1:2,real,humaneval,cd40fc4ba443e535c18eff48858719a022b691a6470797ca3582b8471b9d2b8f,False,False,actuator_answer,0.05,-6.418905735015869,-11.096870422363281,False,False
3244,humaneval_HumanEval/161:1:1:2,real,humaneval,cd40fc4ba443e535c18eff48858719a022b691a6470797ca3582b8471b9d2b8f,False,False,actuator_answer,0.1,-6.41464900970459,-11.101006507873535,False,False
3244,humaneval_HumanEval/161:1:1:2,real,humaneval,cd40fc4ba443e535c18eff48858719a022b691a6470797ca3582b8471b9d2b8f,False,False,actuator_answer,0.2,-6.946298599243164,-11.6689453125,False,False
3244,humaneval_HumanEval/161:1:1:2,real,humaneval,cd40fc4ba443e535c18eff48858719a022b691a6470797ca3582b8471b9d2b8f,False,False,actuator_answer,0.4,-8.626497268676758,-13.19995403289795,False,False
